500 501 0 499
270 316 3
5 99 10
28 226 8
16 34 8
55 248 1
393 483 6
52 76 5
17 67 10
49 307 3
195 397 9
356 418 8
210 211 2
195 210 2
237 299 9
284 466 7
250 304 5
19 352 8
33 60 6
66 193 3
222 460 10
73 138 10
52 209 8
13 145 1
115 451 8
128 180 4
16 29 9
333 405 8
175 453 1
36 375 9
60 206 3
126 240 7
202 279 7
70 91 4
482 495 1
95 487 4
24 31 6
22 98 3
50 82 5
170 235 8
44 154 8
105 306 3
26 347 1
55 388 7
70 129 8
82 364 9
303 428 3
46 103 6
240 482 10
347 498 6
76 122 7
185 417 4
68 326 7
242 243 4
15 66 10
192 480 6
146 472 1
8 15 8
14 17 5
189 441 6
119 454 10
115 162 8
212 406 1
34 236 9
30 311 2
250 253 3
193 475 5
211 486 7
29 35 2
259 470 1
10 27 6
22 41 8
63 241 4
168 170 7
114 385 6
89 392 9
419 473 10
4 443 7
60 126 5
286 291 2
46 56 10
104 318 8
16 40 4
76 168 1
176 196 6
19 22 6
49 200 5
16 85 2
3 287 8
458 469 1
7 327 4
280 335 4
25 45 9
35 132 2
24 44 10
21 477 8
31 43 7
44 426 7
59 90 10
26 407 1
255 273 1
74 341 3
267 343 2
259 276 4
20 73 6
260 285 5
226 348 7
113 384 10
144 255 5
32 68 4
0 1 4
201 365 5
7 220 7
145 160 1
164 278 7
156 356 2
156 490 2
218 256 3
171 221 4
281 462 1
233 258 1
248 290 3
103 183 9
228 380 10
13 177 8
35 436 8
150 191 1
3 4 10
136 157 9
23 185 8
9 186 3
11 297 2
9 10 6
189 250 5
91 97 5
105 134 2
12 57 7
55 242 9
115 120 5
28 171 1
253 268 9
390 398 6
15 106 8
172 197 3
21 131 8
73 140 8
30 225 5
60 493 3
28 42 8
108 421 9
185 283 7
47 294 5
220 427 3
184 202 6
182 305 7
226 476 2
109 321 2
155 293 10
237 408 2
4 24 3
205 366 4
328 416 8
95 121 1
183 49 9
92 109 3
121 161 9
23 135 6
60 489 9
61 125 4
278 336 8
319 382 5
4 39 5
34 79 5
5 59 5
122 130 2
109 146 1
78 158 5
278 298 8
107 115 2
4 47 9
83 330 8
40 181 9
21 350 5
207 457 9
112 310 7
22 363 2
85 361 5
28 399 2
243 485 2
20 65 5
49 262 4
61 284 10
95 215 8
158 272 8
45 101 1
216 265 3
357 423 3
318 455 9
66 72 5
138 201 3
20 114 9
97 391 10
58 187 5
10 165 3
327 424 2
291 309 2
65 147 10
355 430 4
462 465 9
10 32 4
4 12 5
17 117 5
7 184 10
97 251 8
5 28 7
108 230 3
38 141 5
311 317 6
266 393 6
50 189 9
234 360 8
217 228 6
295 303 2
220 376 4
38 64 5
480 436 6
60 332 7
107 259 5
13 142 3
150 227 1
102 266 9
63 333 7
221 337 8
9 13 9
77 92 2
56 62 10
74 110 8
36 174 8
142 328 6
244 381 6
152 155 9
40 119 1
53 223 8
141 277 3
132 314 10
123 127 6
187 353 3
67 394 5
207 289 10
174 368 3
178 195 7
299 442 4
121 163 7
179 239 4
113 386 2
263 390 8
171 261 5
117 128 1
108 249 7
21 94 5
78 313 8
277 351 4
319 354 8
311 396 6
29 217 9
353 371 9
118 308 5
2 38 5
4 7 1
139 355 7
26 78 10
22 164 10
58 452 10
66 136 10
209 342 9
44 192 6
364 372 1
106 167 10
12 20 4
244 252 4
21 30 6
239 404 8
71 334 2
68 190 5
6 219 4
112 205 9
12 244 4
2 49 9
20 116 8
0 2 3
328 349 9
54 292 6
167 214 6
1 48 6
41 46 1
0 25 1
391 429 7
60 179 5
77 175 3
296 464 3
31 74 2
76 84 5
50 104 4
30 151 6
368 370 1
269 494 2
18 194 4
185 212 10
126 213 5
40 383 4
26 107 9
60 80 4
63 218 1
101 254 10
276 447 5
22 471 8
279 411 6
7 26 6
269 448 7
463 474 10
304 458 1
54 288 3
281 295 8
86 271 9
8 18 6
77 83 9
202 325 3
294 445 9
84 373 10
99 153 1
342 435 10
276 488 10
173 433 9
4 33 7
254 340 10
164 176 7
32 199 1
67 111 1
52 238 4
85 105 3
62 178 10
161 437 6
397 449 7
29 69 1
37 102 6
17 61 6
248 412 4
217 237 6
15 19 7
228 269 10
365 377 10
123 379 3
457 478 3
64 89 2
14 36 2
31 207 4
164 323 3
177 274 10
79 124 6
89 159 5
62 75 2
0 156 6
188 229 1
84 315 5
488 492 2
2 3 4
0 8 9
54 245 9
121 172 8
336 344 4
318 331 10
34 148 10
159 413 6
28 53 7
162 166 9
36 93 4
81 301 10
58 96 3
183 324 1
2 6 5
3 58 2
122 275 5
115 491 4
69 100 10
151 257 8
38 55 6
106 440 9
249 339 9
359 425 6
74 246 1
112 338 1
252 263 7
252 400 3
68 86 8
110 112 10
43 322 7
1 5 2
330 378 4
116 118 6
117 133 8
380 409 3
42 224 8
7 14 3
9 63 10
149 438 5
22 52 4
213 280 3
150 357 3
252 282 6
159 420 8
159 169 8
112 296 8
121 149 5
216 422 3
30 123 4
310 414 1
92 302 5
16 23 5
35 203 4
216 456 1
117 232 9
153 446 7
142 222 2
477 481 3
263 319 2
87 499 7
52 77 3
53 81 5
7 9 4
225 260 7
114 270 6
37 70 3
295 444 4
318 403 2
78 87 6
30 50 6
4 173 2
40 150 10
172 329 8
69 88 3
2 415 9
14 410 7
103 281 10
121 198 5
356 479 7
390 484 10
331 346 8
32 71 10
4 358 7
14 144 9
77 374 6
167 450 3
244 463 3
5 21 7
79 108 1
114 204 10
82 95 4
175 496 10
304 459 2
24 54 1
15 139 1
126 188 7
437 497 10
3 11 4
209 461 6
44 113 9
62 431 8
210 345 3
273 389 8
259 395 9
81 143 9
141 216 8
291 401 2
330 367 2
11 37 2
51 152 3
93 233 6
177 208 8
163 231 3
16 137 2
376 419 4
234 247 3
137 312 7
64 182 10
9 434 9
42 51 1
54 286 2
200 264 5
184 300 2
2 267 2
230 359 6
149 467 2
211 439 1
178 234 6
322 369 6
305 320 2
184 432 5
174 387 5
398 402 3
297 362 9
341 468 8
12 16 4
