100 9900 0 99
88 56 6
95 10 4
7 35 10
2 11 8
50 6 2
91 61 1
95 89 4
46 31 10
91 22 9
77 39 1
62 21 5
79 51 5
95 5 10
99 75 10
1 25 3
54 68 3
79 9 8
22 38 4
14 60 9
62 55 3
74 61 1
79 43 6
26 24 10
54 19 3
10 28 8
98 47 8
50 3 10
42 9 7
30 87 7
42 50 8
29 24 7
33 94 7
50 79 5
78 40 4
5 38 4
45 55 3
8 4 3
1 64 8
17 97 9
29 58 5
99 56 10
74 8 3
61 89 4
66 71 9
41 23 2
29 61 10
53 45 8
58 94 3
49 25 1
78 74 2
65 51 6
12 66 4
46 84 7
81 40 5
61 40 4
0 94 4
66 6 1
8 75 4
85 68 8
53 21 1
38 3 5
90 34 5
12 17 4
77 8 4
50 9 3
37 49 3
36 45 8
46 76 8
53 75 8
52 76 4
12 51 2
9 39 4
73 92 10
9 83 10
53 67 9
13 87 9
32 89 2
96 38 1
65 31 10
25 31 8
31 48 1
94 47 6
4 52 5
93 27 3
97 52 1
40 42 1
51 85 5
48 29 1
9 27 7
24 3 6
72 57 5
96 68 1
15 47 5
43 8 4
19 75 8
37 22 4
44 21 4
89 53 4
16 18 8
7 4 2
51 74 4
80 13 9
89 4 4
11 73 6
28 58 4
84 50 6
44 16 10
96 15 3
40 64 2
96 56 4
88 78 9
36 90 6
12 23 10
35 91 2
83 47 4
32 57 9
31 17 4
31 20 9
6 13 3
23 64 2
35 45 7
35 86 8
30 21 5
35 3 10
7 26 3
87 26 7
51 54 8
91 71 7
68 22 9
79 7 4
28 42 9
76 3 9
6 98 3
15 16 8
15 57 9
88 59 9
31 89 1
60 48 8
47 2 5
31 47 4
67 38 9
34 12 7
99 24 6
2 90 6
43 11 5
15 8 9
14 96 4
14 12 10
63 62 1
30 43 6
99 96 3
91 52 7
58 67 6
66 28 4
71 10 9
5 48 10
98 34 3
54 98 1
46 6 8
58 9 1
65 8 1
50 31 6
10 65 9
34 76 5
54 59 9
29 11 2
63 92 1
53 36 1
86 65 8
2 29 9
6 74 9
17 39 2
95 56 3
1 9 6
82 13 5
78 80 10
33 73 3
87 71 5
66 92 2
94 53 1
53 66 1
66 50 5
94 11 4
5 13 2
85 10 1
45 30 1
89 38 4
69 58 5
18 48 8
42 59 4
54 81 10
17 30 10
38 85 8
90 71 6
53 61 7
65 67 5
77 48 10
69 51 2
97 53 2
17 23 7
41 48 6
73 34 3
16 24 3
0 27 5
70 25 10
1 68 10
78 95 8
16 58 1
89 67 8
81 49 1
65 11 2
37 74 7
85 35 7
29 97 1
72 9 6
64 98 1
37 32 10
4 6 8
66 68 8
73 22 6
97 92 7
70 93 6
65 48 5
32 63 4
24 85 9
49 31 5
29 51 6
9 6 3
89 14 10
40 33 7
40 74 8
49 65 3
93 94 4
24 36 9
39 12 8
25 49 9
37 97 4
89 83 2
72 73 4
32 7 1
44 95 8
12 48 1
64 95 9
37 13 10
19 5 4
36 76 5
49 19 8
3 91 4
60 63 8
61 25 6
84 32 7
40 21 10
39 84 5
19 39 2
85 53 10
89 78 8
3 84 1
56 93 7
35 73 3
60 55 9
37 85 7
76 45 4
36 65 4
31 57 10
88 11 10
51 41 3
7 63 4
20 26 9
6 43 1
44 18 3
11 33 2
28 63 2
43 14 8
15 78 2
40 2 10
19 20 2
14 57 10
72 8 9
23 48 5
59 81 7
80 61 10
35 54 3
6 73 1
15 32 7
18 58 1
71 38 5
87 69 1
56 62 10
19 11 10
5 28 2
22 58 2
35 42 6
2 57 5
6 61 4
87 65 3
18 88 1
91 27 5
5 20 3
47 98 10
2 50 2
58 0 7
34 51 3
94 14 7
58 76 2
5 16 5
63 41 10
58 79 7
13 5 10
30 6 7
67 70 2
70 23 6
13 81 5
30 98 10
10 77 10
73 28 1
90 58 1
78 96 9
90 99 2
98 96 10
70 57 4
77 31 4
57 31 3
62 58 10
54 61 2
34 36 1
33 98 7
71 49 5
5 1 3
98 89 7
5 4 8
70 50 1
78 47 9
38 22 7
74 95 1
21 27 1
53 94 10
74 15 8
74 56 9
86 18 1
95 69 10
58 18 10
37 61 2
42 84 8
34 66 1
70 45 7
87 75 7
1 6 5
89 5 3
21 64 4
38 94 4
69 25 4
93 50 3
8 79 4
61 47 9
41 22 8
58 52 8
93 53 8
33 28 5
82 60 10
90 41 10
82 44 2
41 57 2
93 88 2
21 15 4
86 6 4
93 46 5
60 19 7
17 24 4
94 17 8
37 7 8
49 10 1
56 50 2
32 93 2
36 70 3
60 54 1
38 82 7
72 76 7
29 81 4
40 53 4
57 42 3
70 26 7
51 14 6
21 45 4
28 85 5
48 85 6
8 60 4
61 28 9
78 99 10
80 71 3
82 83 7
45 73 8
8 63 9
27 65 2
82 41 10
57 34 4
0 24 4
21 79 2
49 40 1
44 32 7
56 80 2
43 54 1
28 36 5
85 49 10
57 72 3
8 14 9
28 70 3
33 97 10
40 76 1
8 7 6
0 54 4
77 67 10
81 92 8
8 41 4
15 81 5
44 20 10
43 42 4
4 40 10
28 24 8
28 65 9
35 64 9
45 95 9
64 97 2
43 0 7
96 22 8
25 12 10
4 30 2
72 36 5
7 3 8
31 73 9
8 78 7
32 65 10
19 60 8
95 16 1
48 96 6
92 45 4
51 24 10
79 19 3
96 7 6
40 18 9
7 33 8
67 50 8
56 49 5
47 92 8
51 96 7
67 43 5
75 4 3
84 31 8
96 79 3
46 64 2
30 55 5
63 32 3
43 18 10
35 21 2
91 13 4
2 36 1
26 65 1
51 47 7
62 53 1
92 26 4
23 94 4
96 71 4
22 90 9
14 93 1
78 46 1
5 44 1
63 69 6
30 9 10
47 39 10
5 2 4
22 32 4
63 27 9
99 59 2
42 49 2
1 28 8
46 94 2
26 15 5
18 21 2
14 88 7
75 26 4
42 41 3
10 53 1
87 32 2
90 56 10
63 57 9
62 34 1
71 86 6
26 4 4
79 22 4
94 23 3
91 28 2
5 25 1
78 68 2
13 55 7
75 56 4
99 81 3
62 30 3
74 52 9
9 45 1
34 27 7
59 18 5
90 83 5
83 87 10
50 61 8
98 22 8
74 86 7
95 7 5
69 62 5
5 71 9
9 37 2
59 10 6
77 94 7
63 38 9
50 12 8
97 16 1
94 45 4
42 17 9
5 47 2
81 22 8
45 22 4
34 94 10
86 80 8
98 83 1
41 73 1
48 72 1
85 81 4
77 82 10
98 3 8
20 27 8
78 44 8
85 84 9
65 18 7
82 69 6
17 15 10
94 34 3
46 51 8
28 64 1
48 64 2
40 86 7
53 91 9
17 91 5
50 34 9
69 36 2
69 39 7
33 39 3
40 79 4
81 86 6
20 99 5
48 15 2
9 13 8
25 86 1
61 44 8
32 60 1
48 18 7
61 95 10
65 6 10
51 23 2
56 71 8
48 53 1
48 94 2
64 7 6
28 11 3
85 65 9
32 14 6
39 54 7
44 41 3
3 99 5
20 87 8
85 99 7
37 55 9
47 49 3
49 61 7
32 51 9
12 6 6
16 34 9
28 82 4
81 25 9
15 56 3
39 81 2
0 79 8
21 0 6
72 24 6
97 98 2
12 85 6
28 75 1
0 72 5
84 25 6
39 77 4
43 9 3
7 70 9
27 13 1
89 29 10
68 92 4
16 64 9
60 93 10
3 79 9
80 98 2
35 65 6
80 56 5
2 39 4
31 91 10
84 52 1
6 46 8
64 18 6
51 33 6
84 10 4
0 60 8
55 61 9
52 91 8
63 56 1
46 1 1
47 22 4
6 38 9
99 45 1
35 95 6
22 69 5
39 99 5
68 38 10
63 7 1
27 35 2
14 75 2
74 92 2
51 22 5
67 10 4
35 88 3
59 32 9
58 95 4
96 46 2
35 46 6
91 38 8
15 25 6
30 22 4
47 52 4
11 97 2
63 2 7
10 93 7
71 31 4
2 99 4
22 16 7
34 14 2
71 68 7
46 61 1
2 91 5
30 11 3
38 83 6
59 4 4
1 30 1
1 71 2
6 53 7
74 73 2
11 85 5
71 61 4
5 99 5
26 20 3
66 78 3
71 19 7
22 87 8
63 66 5
70 20 3
92 77 10
54 65 2
59 92 9
87 8 6
14 51 8
62 46 2
13 39 10
58 30 9
58 71 10
38 71 9
90 57 7
14 44 5
18 69 3
37 31 4
94 44 9
99 48 2
49 37 2
46 42 1
41 34 7
58 64 7
75 77 10
37 65 2
70 8 6
87 38 6
50 28 7
1 10 5
74 98 8
5 80 5
99 44 4
93 16 7
90 46 6
63 47 5
62 43 10
70 4 8
94 29 7
29 42 1
54 7 10
90 80 4
25 92 9
85 56 2
41 99 1
77 12 6
74 83 6
48 97 5
74 0 8
49 59 3
98 70 9
80 83 2
36 33 2
33 63 1
49 17 6
60 61 6
77 91 6
57 91 5
12 58 9
94 59 7
74 79 8
12 42 1
76 50 5
68 56 2
73 38 7
32 96 9
24 99 1
60 12 6
54 71 8
4 15 6
93 31 5
36 21 5
76 4 10
33 9 7
52 10 4
69 40 4
24 52 10
52 13 9
8 97 9
12 81 6
45 24 10
97 55 10
70 56 9
37 30 7
4 45 6
4 86 7
52 6 6
84 62 7
23 46 3
73 19 7
80 59 8
36 9 8
55 11 1
85 67 2
7 8 4
17 42 9
19 55 3
48 66 8
93 98 8
3 17 4
20 47 4
73 56 10
32 69 10
47 70 9
44 55 6
39 48 1
89 87 6
92 8 3
92 94 6
24 33 10
60 23 6
35 82 1
40 22 9
0 42 9
4 26 6
76 12 5
56 12 4
28 54 10
3 47 4
10 87 5
18 3 1
6 20 10
23 71 9
27 75 8
7 75 7
67 92 7
75 8 3
26 35 3
51 17 9
92 79 4
99 78 4
84 80 10
7 68 4
47 51 9
88 47 3
68 13 8
95 4 6
56 83 5
68 64 10
75 45 6
4 55 10
30 97 4
59 90 5
6 5 8
88 81 1
71 13 5
39 66 4
75 79 4
87 60 9
19 24 6
87 2 4
23 11 8
30 51 9
59 44 10
95 31 1
22 29 1
46 18 9
62 49 5
87 36 2
98 80 2
34 30 1
10 60 6
2 66 3
65 12 3
70 44 1
62 0 5
79 71 6
70 2 4
29 15 4
74 47 4
86 69 10
95 61 1
10 56 8
87 25 1
26 45 7
71 28 3
21 13 2
86 4 2
13 14 8
95 14 10
86 58 9
29 3 7
50 58 5
57 98 6
78 19 4
32 8 2
26 75 7
74 28 4
83 80 9
41 43 3
21 43 2
86 34 2
62 98 1
13 85 9
95 86 7
86 85 4
97 57 4
34 57 9
34 98 10
99 69 8
30 96 7
86 43 7
89 63 1
9 74 7
33 58 5
66 1 9
78 49 4
41 39 5
42 94 2
98 7 8
82 77 7
34 91 7
42 93 6
81 12 2
42 10 8
29 70 10
72 97 2
8 47 1
54 16 6
61 14 10
73 17 3
80 16 3
38 19 8
12 33 7
9 18 4
44 19 4
61 49 4
93 55 3
96 17 1
93 13 6
32 67 6
81 83 3
49 80 9
4 73 2
64 15 7
39 8 1
81 3 10
8 35 4
17 87 9
28 18 8
96 13 3
27 36 1
82 16 10
9 48 4
0 91 7
8 27 5
12 97 5
60 58 5
96 5 4
52 80 10
64 83 3
11 15 3
61 29 8
68 28 8
85 58 8
39 88 7
85 92 6
72 66 5
20 38 10
48 40 10
88 57 9
49 53 10
12 2 10
15 7 5
35 31 10
10 24 4
22 5 9
7 54 3
19 76 9
47 37 8
6 50 8
79 77 1
15 41 3
22 81 4
39 69 7
14 45 4
19 27 9
31 33 7
48 21 10
96 16 4
22 35 9
51 26 5
44 10 8
18 24 7
67 17 9
63 90 1
19 99 6
80 3 9
67 52 3
79 74 9
87 76 8
79 58 1
1 48 7
11 21 9
47 11 5
14 26 4
14 67 5
1 41 4
83 2 10
58 88 3
11 14 6
79 50 2
91 31 7
30 15 3
5 27 10
1 34 1
63 36 7
82 79 1
50 10 6
95 1 5
71 65 4
5 62 4
62 16 4
86 3 7
86 44 8
13 76 2
90 69 6
70 69 5
77 43 5
50 89 6
67 77 9
91 19 10
38 34 8
30 3 6
90 65 8
49 41 2
33 86 1
81 47 1
75 81 10
50 33 3
17 89 3
25 50 1
18 27 8
29 12 3
86 25 8
1 52 4
58 6 4
54 53 7
49 29 5
78 65 3
57 19 10
93 92 4
66 93 3
5 72 8
16 37 1
34 24 8
24 18 1
66 96 8
46 30 6
53 70 7
70 80 5
17 70 3
45 31 2
20 2 8
32 5 1
89 84 7
41 98 7
86 89 6
66 89 5
5 68 10
53 63 4
93 87 10
73 87 9
97 71 7
40 61 7
85 7 4
21 91 3
52 22 3
32 1 3
56 92 3
61 74 8
32 0 7
29 30 6
53 14 4
61 16 3
20 29 3
0 29 2
25 77 9
27 69 4
53 58 10
25 61 1
52 59 6
49 3 2
49 89 5
93 73 4
41 86 10
96 80 4
42 7 7
56 1 6
55 64 1
33 6 4
80 29 10
8 2 3
64 74 9
16 55 4
33 85 4
53 85 5
93 68 10
43 12 8
28 61 2
33 43 7
52 86 1
60 42 8
64 67 6
0 17 5
65 91 3
24 87 6
55 18 6
88 36 5
68 2 10
24 45 9
43 88 3
21 75 8
8 90 8
19 21 7
56 72 7
55 94 1
3 66 6
7 91 4
97 89 10
15 27 2
39 56 2
89 50 5
4 37 9
16 85 4
3 59 3
16 2 6
43 83 9
0 47 5
7 45 9
96 95 2
44 80 1
43 76 6
10 91 5
80 89 10
55 41 3
22 56 2
88 17 5
88 20 10
76 98 10
39 2 8
56 53 7
6 17 7
47 97 6
55 33 4
22 48 3
39 78 3
75 91 3
6 93 2
6 10 4
26 34 9
35 67 1
40 94 8
96 86 10
15 87 2
58 33 1
83 81 8
95 87 6
26 69 3
6 47 7
10 72 5
43 15 9
16 61 10
35 63 3
22 78 3
2 78 2
38 25 1
19 66 5
47 27 4
6 40 4
7 2 2
99 66 9
59 41 7
74 17 6
47 36 9
10 26 10
75 72 3
90 7 1
26 57 6
50 68 2
74 93 1
74 10 3
23 45 8
30 85 9
59 78 10
5 78 3
71 40 2
58 55 2
83 62 8
91 40 3
75 68 5
6 70 4
58 16 10
26 94 9
63 96 5
18 14 3
74 6 5
22 59 3
34 22 4
38 6 1
38 92 4
41 21 4
54 5 8
83 38 1
90 37 1
75 60 6
38 50 7
46 79 4
99 88 10
59 22 7
66 62 8
71 70 2
10 90 8
82 42 2
58 2 4
82 93 4
38 43 4
93 3 4
67 95 10
58 46 10
50 49 2
26 79 7
77 89 4
77 6 6
81 31 4
73 37 1
71 20 6
98 19 7
65 79 8
63 26 3
75 7 8
29 79 4
77 40 4
37 81 3
98 95 2
59 93 8
29 82 9
41 2 4
93 74 5
21 1 7
38 31 7
57 74 1
58 31 8
77 33 1
32 45 7
70 17 4
54 62 3
82 23 2
46 63 9
57 35 9
98 90 8
60 82 1
32 79 5
25 63 8
49 92 8
74 58 6
24 2 4
24 43 5
65 57 3
81 56 10
13 70 9
65 60 8
45 15 5
90 47 5
29 60 4
33 37 5
45 18 10
37 62 3
61 46 1
49 84 9
94 75 8
69 27 1
64 19 7
33 46 10
3 15 2
25 52 7
25 93 8
17 75 1
60 28 7
40 28 6
44 53 4
29 55 10
9 55 9
28 98 3
69 19 2
76 59 3
61 41 7
72 85 7
21 19 10
77 51 4
52 43 9
37 92 3
73 5 8
97 75 9
72 27 2
88 15 1
37 50 6
39 42 1
81 79 7
33 76 10
25 79 2
61 78 10
68 77 10
48 52 9
96 47 3
31 6 1
80 38 6
51 60 9
28 45 5
96 81 1
8 20 4
15 60 5
21 49 10
40 92 4
64 76 2
8 23 9
0 26 1
25 74 8
24 96 2
12 89 8
40 9 6
31 94 6
16 76 10
44 37 9
39 30 4
43 55 2
51 87 4
40 1 7
27 20 8
92 66 1
61 59 10
92 24 4
31 3 9
28 33 8
10 66 3
22 72 1
55 15 5
64 22 8
76 70 3
24 42 8
51 82 10
67 29 8
28 67 6
96 62 1
84 1 3
27 5 6
3 72 10
80 91 3
79 28 3
59 69 3
3 56 2
26 9 7
59 27 6
95 17 2
27 1 8
7 42 8
19 45 1
96 92 1
95 20 7
55 54 10
86 19 4
2 69 8
18 49 2
23 31 7
59 23 8
63 48 6
1 90 6
44 89 10
63 6 9
62 28 3
90 81 5
19 91 9
67 86 3
83 85 10
58 37 3
26 73 5
55 84 10
23 61 7
91 56 2
47 86 6
30 18 10
5 11 4
14 63 9
1 37 8
59 84 1
94 85 1
83 71 4
71 7 1
6 95 8
2 75 1
58 22 1
62 50 4
70 11 2
53 52 6
33 52 5
78 84 5
75 28 1
34 85 7
18 76 10
30 79 3
10 99 4
9 61 4
99 14 8
65 92 2
63 17 9
38 10 3
14 85 10
79 68 7
59 68 6
54 44 4
63 51 7
13 15 7
17 85 7
32 20 5
38 98 8
86 59 8
13 91 2
9 4 5
53 74 7
33 74 6
70 84 5
98 65 6
13 94 7
17 78 4
50 21 8
1 89 9
42 26 9
78 58 2
93 34 1
13 45 7
72 71 6
54 83 9
85 14 9
29 76 3
53 60 1
61 20 3
53 62 10
25 65 1
69 94 2
20 36 8
49 52 4
32 42 6
31 2 1
53 55 7
85 86 6
15 5 3
49 86 2
24 98 9
89 69 7
29 64 6
81 9 3
51 39 5
66 77 10
77 76 8
8 44 2
72 52 6
25 53 4
39 26 4
12 30 8
3 70 6
81 4 9
17 88 8
76 73 6
89 57 10
45 7 10
36 51 9
11 65 2
16 6 6
36 92 10
22 26 4
37 64 9
39 97 5
85 25 9
55 10 9
88 32 9
39 55 8
64 46 6
55 45 3
16 43 9
28 46 2
81 34 9
12 91 1
55 89 9
15 23 6
85 17 10
45 37 10
39 51 10
23 34 10
22 97 5
48 0 8
83 35 2
47 46 6
19 43 10
18 45 2
43 72 10
88 10 4
2 6 7
51 84 3
26 76 8
79 98 9
96 83 7
18 82 5
11 0 7
35 70 8
2 85 7
6 89 6
39 32 10
67 68 4
84 98 4
71 96 7
27 60 10
62 95 4
10 14 2
22 36 8
91 89 5
5 41 2
87 43 9
99 91 4
99 8 6
83 53 5
38 20 9
83 11 8
63 11 7
18 63 5
35 51 8
66 16 2
66 57 3
67 91 1
67 49 4
90 2 9
82 5 1
30 61 4
2 17 7
67 83 2
95 44 1
41 97 1
87 66 6
33 61 1
58 43 7
54 74 2
94 57 7
21 89 1
69 50 1
5 59 5
34 11 5
65 76 5
49 8 3
93 78 5
45 34 7
17 98 1
57 81 6
41 85 4
87 54 9
69 46 3
58 73 7
69 4 6
49 4 5
42 98 4
70 59 3
45 71 10
20 64 4
57 77 8
17 52 6
48 76 5
18 73 9
13 78 10
97 50 5
12 79 6
62 52 10
54 96 3
17 45 3
69 34 6
25 98 4
8 88 6
21 31 9
58 61 10
25 56 7
90 5 10
81 90 10
36 42 2
16 42 1
65 94 8
45 94 7
60 70 6
9 94 3
82 87 2
69 61 1
21 58 4
37 16 10
68 81 10
70 77 6
3 11 6
25 44 10
70 35 9
44 90 9
43 67 1
93 40 5
19 0 5
21 12 9
28 52 10
76 13 10
97 68 8
53 18 8
72 20 1
88 53 2
85 4 5
51 57 6
52 19 4
39 79 6
20 68 1
56 47 7
80 31 5
28 3 10
0 67 4
60 9 9
11 91 2
64 79 9
37 80 8
43 97 1
76 40 5
27 59 2
55 20 1
47 41 10
19 23 2
31 45 8
51 29 1
15 90 7
36 11 5
11 3 10
30 46 4
15 48 10
80 19 8
60 39 9
91 4 3
27 54 8
31 79 6
44 22 9
43 85 4
96 65 8
3 63 7
10 17 5
55 8 4
35 49 4
95 66 4
92 96 3
7 46 8
96 58 5
91 34 3
71 75 3
99 87 4
26 85 4
23 73 6
96 50 6
99 3 10
43 31 10
98 25 4
5 23 3
75 96 3
38 41 2
83 32 1
88 14 6
95 54 7
92 84 6
11 18 8
46 73 4
92 42 9
23 24 6
18 0 4
55 30 5
71 63 6
95 47 4
75 88 4
7 27 8
6 49 2
90 23 2
75 5 6
42 20 5
91 98 1
87 11 4
54 26 3
59 8 8
41 0 2
66 32 1
34 97 6
67 40 10
11 89 9
74 19 1
54 60 1
17 9 1
78 89 1
18 30 4
22 75 4
46 19 10
65 21 3
82 72 2
78 5 7
46 54 4
94 36 3
30 45 7
30 86 8
54 56 3
41 30 2
71 41 1
98 40 2
38 18 4
65 58 6
98 1 10
99 97 8
63 59 8
38 52 2
86 13 2
73 53 2
95 65 7
42 80 5
86 67 9
13 99 3
9 12 6
94 24 6
91 74 7
13 57 6
46 0 10
21 59 5
45 43 3
50 70 10
25 84 3
62 73 3
29 88 2
29 46 5
57 7 4
69 29 10
36 3 8
41 52 3
13 8 6
21 10 5
65 80 7
45 80 6
78 23 10
90 26 3
25 38 8
97 24 7
89 72 1
33 67 5
81 28 5
54 29 4
0 82 4
9 0 9
28 43 3
5 14 7
53 9 1
40 49 1
42 61 5
17 12 2
97 20 9
76 38 1
8 56 1
20 78 7
17 63 4
41 40 6
48 80 7
45 65 4
0 77 10
69 52 7
49 93 7
49 51 10
66 81 10
85 83 3
28 73 3
33 96 9
52 98 2
15 88 3
0 70 7
65 61 7
72 18 10
45 19 9
12 34 8
60 88 7
84 99 3
89 11 4
80 10 1
51 32 4
85 71 6
85 29 9
0 58 10
48 19 10
47 21 2
72 48 10
64 92 3
69 74 8
89 99 9
51 66 2
29 94 8
16 89 6
44 50 5
4 25 3
76 15 3
68 37 8
20 96 10
0 51 7
12 99 2
45 83 7
64 43 3
10 3 4
39 14 9
6 29 8
51 61 8
4 21 5
67 8 6
84 38 6
44 4 10
56 7 3
0 88 10
12 94 8
96 2 7
11 95 4
15 99 3
31 12 7
67 4 8
55 82 8
71 29 6
83 77 1
28 0 9
35 40 10
76 95 9
56 95 8
67 80 3
51 91 8
11 46 4
76 37 4
23 52 2
28 34 7
35 33 7
84 26 9
88 96 9
80 65 7
96 32 7
80 23 10
11 39 1
18 79 2
62 7 1
99 20 5
71 17 9
83 65 4
1 62 1
7 6 4
43 57 10
1 65 6
14 49 10
55 63 8
79 29 2
91 10 7
22 20 2
75 63 2
42 78 1
1 57 7
75 21 5
14 0 10
71 88 10
34 37 10
63 91 2
2 70 7
74 1 2
30 31 6
67 12 3
42 29 1
66 99 2
2 63 4
38 96 6
86 57 6
10 2 7
63 4 6
87 29 5
63 3 10
86 50 3
5 29 7
29 40 3
53 24 1
33 65 1
50 95 1
14 23 7
50 56 9
32 3 1
59 89 1
93 83 1
95 2 6
18 6 8
30 54 3
49 16 4
59 47 4
5 66 10
73 41 3
2 51 7
50 46 1
13 36 2
66 45 8
10 32 7
37 44 4
97 11 2
46 55 1
58 36 6
93 37 6
53 12 4
79 1 10
24 97 3
50 0 6
62 89 2
5 93 5
34 45 5
62 6 4
54 69 10
73 71 3
9 21 2
81 7 1
85 77 1
49 96 10
33 7 9
25 10 1
32 70 4
34 82 8
54 20 10
36 12 4
53 83 5
0 57 2
0 98 3
45 89 2
57 70 7
89 97 5
82 15 7
16 46 1
72 4 9
73 59 6
42 86 9
0 49 3
45 40 2
89 51 10
36 0 7
84 36 2
15 63 1
37 96 5
0 45 5
97 38 10
72 31 4
20 3 9
73 86 1
19 46 2
24 73 9
81 67 1
12 9 6
53 64 5
33 64 4
55 39 3
28 40 2
77 92 9
52 27 5
19 42 4
69 15 8
44 29 1
55 31 4
56 86 1
39 76 3
69 49 6
92 36 5
44 25 3
76 47 10
68 50 2
31 40 3
43 21 8
48 70 3
55 24 1
84 20 7
52 12 3
88 45 5
28 79 7
44 59 1
56 40 6
19 30 7
60 85 6
96 35 10
7 58 7
55 19 7
15 39 7
24 5 9
91 46 2
55 12 4
19 57 2
88 33 8
39 60 8
23 85 5
40 73 8
27 47 7
75 66 5
87 27 1
84 77 2
79 69 8
98 71 1
58 91 1
22 15 6
6 60 5
74 38 3
35 76 1
79 65 10
91 68 3
95 93 1
10 5 10
87 57 1
50 47 2
6 56 7
1 32 5
23 65 9
84 65 5
34 9 3
35 30 6
79 92 5
2 3 8
67 28 2
78 93 1
18 34 4
42 99 7
92 27 9
91 49 3
5 87 3
91 7 6
90 53 4
75 35 8
18 23 3
67 16 5
59 38 10
14 90 8
91 3 8
25 96 2
54 14 8
69 83 6
46 88 4
37 19 2
74 49 3
42 87 10
59 72 8
82 51 2
94 32 7
66 13 3
81 5 10
78 35 9
22 63 9
83 1 6
77 15 6
37 56 5
82 2 2
65 85 3
38 86 2
41 18 7
75 99 6
65 43 6
93 4 5
73 45 5
85 26 10
90 75 5
75 57 9
4 64 1
74 37 6
46 34 10
58 82 5
5 63 9
70 68 1
65 39 8
32 54 7
94 96 5
57 41 4
77 3 9
41 3 5
21 3 4
48 43 6
98 16 10
78 16 9
78 57 10
72 55 2
77 37 7
9 34 9
81 65 10
73 68 2
24 10 8
73 26 5
60 0 4
82 78 10
36 67 8
37 29 6
51 43 7
21 74 5
76 34 5
81 16 10
15 46 8
51 78 1
25 19 10
76 27 2
56 68 2
52 1 7
84 57 8
40 30 3
40 71 4
68 32 3
15 42 10
69 82 9
36 97 8
64 58 7
4 74 5
44 57 10
61 87 10
27 79 1
96 14 6
47 62 5
97 35 9
61 80 7
7 40 8
15 69 5
48 12 9
55 52 10
47 55 2
3 5 2
10 45 3
24 63 5
11 58 3
48 88 4
44 87 10
31 61 9
59 56 2
76 7 6
43 22 5
63 39 3
91 20 4
22 2 1
95 45 2
31 54 6
26 30 4
71 54 1
92 67 2
43 53 1
15 91 6
6 1 5
2 89 9
79 2 9
27 14 6
87 97 7
75 33 4
34 46 4
68 93 9
31 42 9
92 63 4
6 35 3
11 83 9
91 59 9
26 18 7
63 20 3
46 10 5
83 64 10
2 24 1
14 5 6
38 16 2
75 70 7
43 82 5
11 34 9
83 99 4
15 79 9
30 80 8
7 85 6
95 63 5
46 40 5
26 6 10
1 92 3
47 61 8
10 51 9
78 26 2
83 94 10
38 4 5
62 29 4
30 65 6
62 22 1
67 90 9
74 89 9
62 25 6
42 66 6
86 53 10
66 8 7
34 6 2
78 56 2
90 78 8
13 43 7
74 81 10
34 15 7
69 16 7
86 46 7
63 75 9
50 90 9
1 31 6
98 10 8
17 64 7
75 36 5
87 17 10
49 50 4
54 32 9
17 22 10
99 23 8
81 15 2
13 29 1
24 1 1
48 30 1
9 28 7
50 83 6
93 62 1
83 26 10
85 1 8
97 45 2
34 86 8
25 17 6
62 47 7
98 37 3
61 48 3
73 29 8
97 99 9
52 92 2
8 42 2
69 80 5
90 1 3
78 29 3
85 69 4
53 41 10
33 41 9
20 15 8
97 34 1
45 6 6
72 46 8
62 77 7
42 32 4
5 81 10
45 98 9
41 12 1
90 89 8
13 54 7
20 94 8
72 80 6
25 40 3
57 62 10
54 92 9
24 77 9
52 38 8
73 93 6
16 83 6
37 4 4
84 78 1
49 26 10
70 81 8
80 34 1
85 57 7
0 86 8
48 6 7
96 1 1
68 62 1
73 89 8
11 52 1
88 99 1
85 50 4
57 92 10
97 56 2
36 69 1
25 28 6
64 71 1
29 73 6
60 97 5
68 58 3
23 25 7
0 30 5
85 87 7
72 19 9
15 9 9
56 89 8
31 82 2
64 25 6
72 95 4
81 13 9
80 15 1
27 66 9
48 28 8
72 98 9
80 14 5
36 57 4
16 57 3
6 87 6
25 16 9
23 96 8
51 36 8
72 91 6
68 4 9
35 19 8
52 49 8
72 49 9
67 59 1
47 25 6
6 79 7
23 92 10
96 69 10
80 86 2
88 75 7
2 27 4
14 33 2
80 95 7
84 40 1
16 86 7
6 75 9
64 6 6
99 82 1
31 21 5
55 5 3
88 68 4
15 66 4
44 98 8
68 34 9
91 41 10
83 44 2
27 72 2
39 53 7
51 97 1
39 11 10
31 14 2
71 72 2
18 12 5
88 60 5
22 57 5
39 87 5
71 33 10
7 23 1
58 7 9
92 88 8
83 39 8
87 23 5
15 96 4
11 9 7
15 54 7
2 8 4
58 41 7
75 54 10
82 33 1
74 34 7
98 59 6
71 60 5
34 50 6
66 36 3
88 48 8
13 30 2
6 90 7
74 68 5
59 50 9
66 90 10
42 4 1
71 56 7
42 96 4
58 29 10
38 29 9
34 77 1
87 45 6
71 90 5
66 25 2
90 94 7
14 36 3
87 79 4
42 91 10
45 4 2
91 86 8
17 1 6
46 37 4
70 87 3
13 11 2
86 20 9
63 5 5
87 33 9
53 86 10
78 77 8
82 9 7
97 78 5
50 13 2
69 59 1
54 41 5
69 17 4
66 47 3
78 69 9
8 33 8
73 3 10
41 94 4
81 77 9
54 78 8
5 60 6
24 22 7
58 40 10
77 83 4
25 80 9
0 73 3
41 45 4
52 17 4
69 6 3
49 47 3
74 29 9
61 69 9
86 77 4
56 4 6
97 59 5
90 22 9
17 54 3
82 66 2
4 49 1
40 7 8
41 79 2
76 80 2
89 65 2
41 82 7
28 77 5
54 25 10
4 10 9
93 26 8
77 71 7
29 27 9
33 4 10
9 68 9
76 31 2
73 61 1
51 27 1
16 9 4
53 39 5
45 61 10
3 24 4
12 76 9
60 37 9
57 22 6
20 12 7
44 62 6
39 58 6
60 72 3
25 95 7
56 26 7
55 48 1
12 27 9
88 24 3
44 13 6
64 99 10
4 33 6
89 45 6
56 60 5
21 62 10
7 79 2
43 37 9
52 70 1
24 70 10
16 73 2
40 98 1
76 56 8
3 88 2
8 70 7
51 8 1
80 81 6
16 31 5
28 12 10
96 90 3
68 17 3
12 98 10
23 29 9
88 54 3
44 43 6
68 20 8
6 96 2
44 1 9
11 61 10
10 79 3
55 70 2
23 22 6
52 58 4
24 55 8
88 8 8
3 35 4
46 22 4
40 89 9
7 18 5
88 1 5
39 27 9
91 47 1
27 56 5
35 58 4
98 4 4
88 35 3
35 16 7
6 77 2
95 33 7
4 43 10
79 37 5
92 21 9
30 84 8
3 23 7
71 84 3
78 38 1
7 48 5
55 9 5
31 76 9
71 93 8
14 30 1
19 12 6
92 14 6
99 54 7
91 77 1
63 99 5
46 89 7
14 81 3
43 40 10
23 40 9
74 5 4
98 33 8
6 65 5
13 97 3
95 98 1
90 48 10
54 93 8
86 99 7
26 40 10
63 87 8
53 31 8
13 6 6
17 76 6
65 37 6
18 97 9
87 13 1
99 76 8
62 66 9
5 96 1
65 71 4
50 53 8
75 85 7
77 36 1
26 70 10
79 47 9
63 72 6
9 32 7
78 7 4
25 22 2
8 12 4
69 92 4
71 11 9
9 67 1
81 98 2
98 86 5
32 75 2
25 59 5
32 33 5
32 74 6
78 2 10
97 4 3
42 47 8
66 72 7
54 8 4
33 49 10
72 92 5
54 11 9
12 67 2
17 94 9
37 99 1
12 25 5
75 24 10
77 16 5
94 26 3
49 38 9
86 68 10
38 49 5
82 57 8
9 89 2
69 31 7
32 21 8
49 72 7
94 63 6
53 76 6
44 7 4
85 62 3
81 71 3
49 68 9
12 13 8
48 86 2
3 57 7
68 69 6
55 43 5
65 74 5
85 16 8
56 59 10
4 12 2
68 65 8
20 79 8
36 18 1
45 70 6
65 28 10
44 71 2
20 72 5
24 49 6
51 48 7
55 73 5
32 78 3
4 7 8
23 9 1
96 72 4
25 62 6
80 22 6
12 36 5
4 58 10
37 68 4
24 0 6
84 17 6
88 87 6
40 31 2
32 73 9
31 75 1
51 75 2
64 59 6
68 43 3
7 49 6
36 15 9
71 8 6
15 36 6
22 76 7
44 52 2
12 24 8
36 94 9
79 81 9
84 47 6
31 28 10
7 76 1
52 0 10
19 15 9
31 63 4
55 88 3
44 6 7
3 60 8
26 39 2
11 62 7
18 61 7
59 57 1
10 84 1
31 97 2
67 89 3
27 30 7
46 68 3
30 59 6
47 89 6
98 54 1
19 86 10
74 80 4
23 70 7
3 90 8
87 64 8
31 51 7
11 6 4
79 46 1
79 4 4
30 52 3
88 97 10
95 96 10
14 97 2
67 74 1
26 36 10
98 8 6
54 72 4
86 78 3
2 87 6
23 49 5
10 23 4
22 45 10
63 24 7
71 53 4
5 91 5
26 12 3
59 75 4
83 59 2
10 57 2
22 79 8
99 58 9
30 40 6
83 17 5
45 8 2
69 37 2
82 21 6
70 91 3
33 40 3
99 9 9
61 93 5
17 43 5
66 59 2
93 99 4
78 81 8
53 33 1
81 35 1
86 17 6
90 87 6
63 88 5
13 52 5
82 48 1
45 38 2
62 68 2
77 19 8
54 90 7
95 11 6
86 96 6
54 48 10
73 50 3
41 6 1
50 16 9
62 19 2
17 31 8
94 8 4
38 28 1
72 67 3
57 49 7
37 90 7
12 83 1
9 71 3
21 52 8
94 93 4
57 83 5
42 65 9
85 44 4
97 66 10
65 19 3
4 98 3
33 16 9
77 0 8
74 71 8
5 56 10
9 22 3
16 62 4
60 91 5
86 35 9
32 88 9
61 11 6
37 78 10
61 62 8
81 62 9
89 23 7
21 37 6
56 38 6
40 83 5
68 44 4
84 11 4
77 30 8
13 21 8
37 71 7
12 64 1
19 63 1
39 63 2
69 77 6
16 92 4
60 76 3
84 4 1
33 80 7
96 26 7
27 94 7
80 17 10
4 79 3
25 41 2
20 88 4
27 45 7
0 46 6
7 86 7
12 11 3
85 20 10
24 74 10
39 9 8
93 90 8
80 47 10
97 77 10
27 82 10
15 11 4
22 51 5
27 33 10
19 36 2
80 74 5
56 48 10
7 67 7
76 86 10
95 3 9
92 33 8
18 74 1
10 75 7
84 14 5
47 43 9
59 6 10
26 64 6
56 37 9
26 22 9
38 62 1
18 28 6
91 5 6
43 86 7
87 39 6
67 14 5
18 62 4
74 13 5
47 73 9
59 36 10
68 35 8
62 83 2
71 42 8
90 44 1
19 54 5
62 41 5
46 86 4
54 47 2
59 29 7
71 77 2
58 92 2
18 13 4
86 11 4
2 61 8
46 82 6
22 96 3
99 30 2
5 24 6
95 97 7
2 12 8
77 47 4
79 59 8
74 35 6
13 48 5
10 44 10
95 90 4
2 5 5
46 67 4
81 68 4
99 60 2
46 70 9
81 26 7
22 84 6
25 71 4
53 7 3
26 67 7
45 29 8
74 62 1
29 74 7
81 19 4
61 60 4
78 90 4
94 3 8
21 80 4
73 25 1
60 40 1
85 5 10
45 25 10
37 28 2
57 28 3
49 75 1
61 56 6
78 41 4
38 61 4
8 5 3
81 14 10
98 44 10
57 65 6
29 21 9
21 24 1
9 62 9
21 65 2
37 23 8
66 56 1
81 93 10
65 10 9
72 50 10
70 42 7
36 95 8
9 96 7
74 46 6
54 87 6
45 86 3
54 4 8
73 47 2
80 87 3
20 98 10
98 74 10
65 89 9
8 34 7
29 48 4
57 9 3
57 50 4
51 64 4
36 46 8
9 92 9
76 55 2
33 34 10
45 82 5
93 43 5
33 18 2
0 33 1
12 55 7
17 21 4
24 61 5
72 22 5
32 90 2
51 18 9
4 19 7
41 49 8
52 31 9
57 80 4
27 24 3
97 22 8
51 94 4
9 77 7
64 37 7
92 73 1
21 83 5
84 29 5
8 57 4
47 83 2
3 33 2
60 46 7
27 61 6
7 61 5
9 73 9
40 4 9
28 32 9
40 80 4
72 61 10
92 20 3
52 95 7
12 70 5
52 53 10
36 98 9
95 24 2
14 3 6
28 21 8
35 61 9
47 64 2
80 7 6
40 68 7
83 14 6
55 3 5
11 67 3
56 58 2
92 46 2
31 70 9
71 87 8
19 6 6
47 15 2
67 93 3
47 59 8
67 96 8
47 94 2
3 44 2
63 85 6
47 10 8
83 43 10
92 35 1
19 33 1
18 95 7
34 62 7
10 35 3
83 78 4
59 11 8
96 41 9
95 84 2
7 64 6
62 99 1
11 92 9
59 87 3
84 69 9
10 69 1
47 82 5
63 70 4
58 25 3
82 75 2
79 38 4
99 21 8
83 66 7
14 48 4
75 27 2
26 54 2
87 94 10
95 30 8
66 29 4
5 8 9
95 81 10
50 74 3
45 50 1
50 77 8
62 80 1
1 59 6
58 13 6
70 15 10
14 43 10
29 53 3
34 80 10
30 33 5
83 96 7
53 40 6
83 13 9
10 11 9
97 32 1
95 60 8
75 15 5
34 73 7
42 75 6
77 10 5
99 2 8
66 17 7
93 57 9
48 9 1
69 22 2
42 68 3
74 90 10
29 83 3
98 99 1
59 14 9
37 53 6
32 91 3
42 19 3
18 94 10
61 81 10
34 61 10
89 42 9
86 47 8
13 79 2
48 39 1
98 53 6
13 82 7
70 75 10
77 49 10
24 64 8
81 99 1
33 55 3
40 95 4
69 13 10
8 67 10
24 6 3
48 31 2
28 31 1
17 58 5
69 89 5
39 33 4
85 2 9
82 32 8
97 5 2
57 25 2
21 86 8
81 50 1
24 40 1
53 92 7
20 66 5
48 27 4
60 49 10
25 11 4
9 15 2
64 16 3
29 18 8
60 83 8
13 63 7
25 4 1
52 89 5
49 74 2
0 61 10
17 46 8
24 86 9
72 6 8
64 53 6
68 78 4
4 28 3
48 98 5
40 34 7
35 10 5
84 3 7
0 12 10
65 3 10
9 86 3
68 29 4
48 8 4
11 19 4
36 1 10
76 10 4
88 66 4
20 5 8
55 6 8
12 52 6
19 51 6
3 51 3
84 34 3
28 83 2
68 25 6
2 97 1
35 81 6
19 85 4
4 67 8
72 28 9
12 3 6
92 86 8
47 4 6
64 34 6
68 59 4
48 79 5
35 77 8
47 80 1
12 82 6
89 75 10
44 68 3
76 90 10
92 82 10
31 0 5
84 63 7
30 1 1
47 31 1
63 23 1
22 43 8
2 43 7
56 41 9
59 48 9
68 5 10
58 28 6
23 91 2
47 68 4
63 15 2
22 39 10
43 94 8
84 90 2
71 5 7
71 46 8
54 51 2
79 78 10
99 42 1
62 32 2
23 3 10
98 38 6
5 36 5
38 13 3
58 99 7
30 68 4
22 24 8
50 19 1
10 97 10
99 79 4
22 17 5
2 58 5
70 36 3
41 55 1
58 85 1
87 24 6
74 84 8
18 9 8
66 4 2
98 26 9
75 97 8
38 1 6
62 71 7
50 7 4
74 77 5
94 60 9
38 77 1
2 88 5
87 96 3
70 24 6
91 99 6
38 73 3
59 35 2
98 56 9
41 1 7
53 49 2
8 54 5
73 66 4
90 96 4
53 0 2
58 27 9
73 24 7
87 84 6
62 10 10
17 3 3
89 55 3
1 14 8
29 9 1
53 79 2
62 86 5
8 46 6
20 52 4
20 10 7
34 28 9
58 98 10
8 83 9
62 40 10
17 33 3
24 31 7
89 2 5
56 17 4
53 22 3
13 42 3
68 23 2
64 90 7
20 40 7
24 65 5
41 95 5
21 95 4
37 8 8
76 96 5
81 37 9
47 95 1
56 13 6
51 6 1
15 67 7
32 97 7
25 81 10
73 42 10
11 98 2
4 61 6
49 7 3
48 3 8
16 22 2
43 62 4
3 82 4
93 35 8
32 48 7
52 56 4
88 3 3
6 45 2
56 84 7
15 97 7
43 58 6
80 26 8
4 88 1
4 46 4
68 99 10
43 51 3
11 44 8
28 74 8
3 26 1
16 10 5
43 50 7
32 36 10
28 16 3
56 70 1
72 3 7
48 67 6
56 28 4
8 87 6
11 40 10
23 43 3
79 35 5
92 19 9
7 88 2
22 64 1
72 37 5
92 54 3
92 95 4
23 77 1
10 96 2
43 80 7
35 0 1
22 18 6
55 95 10
59 20 2
10 46 6
91 29 6
22 11 3
79 99 3
43 24 4
30 64 4
5 15 1
44 81 10
75 46 4
95 8 9
95 49 10
31 39 1
92 34 7
99 74 8
35 22 2
75 42 6
58 32 8
99 70 10
58 83 10
71 48 1
65 62 1
87 82 2
26 61 7
43 49 10
30 89 10
26 96 1
98 42 8
78 42 7
42 1 2
94 73 3
74 7 1
86 74 9
71 78 1
98 77 2
29 19 7
94 31 6
26 88 2
29 95 2
82 63 7
63 93 3
46 83 5
98 28 2
34 19 2
81 1 7
90 33 3
65 4 9
61 35 4
82 90 2
86 1 2
8 25 2
98 23 8
60 15 1
89 30 1
41 89 3
77 95 7
85 97 6
21 47 5
57 53 9
13 3 9
20 43 10
70 63 2
65 34 9
66 88 10
85 90 3
69 1 2
50 92 8
97 96 1
65 27 6
65 68 7
25 23 3
53 97 3
57 29 2
62 56 9
69 10 7
69 96 10
12 0 7
86 81 8
89 76 9
78 87 5
13 33 9
32 76 3
48 34 9
40 37 1
9 64 4
4 56 10
69 47 10
68 90 3
36 62 9
64 23 8
93 56 1
3 36 7
70 60 10
96 63 1
20 24 10
97 84 4
19 67 3
17 95 10
9 98 2
65 15 9
37 59 1
80 12 7
36 55 6
16 13 8
76 22 3
64 50 3
39 21 9
28 95 1
33 77 6
84 45 6
56 14 3
12 57 2
24 79 8
28 56 9
47 58 2
97 72 7
36 85 6
49 28 9
3 58 8
92 40 2
35 89 7
52 74 5
15 64 6
48 7 10
40 10 2
52 77 10
15 22 9
19 92 9
44 38 5
48 42 4
9 40 10
80 28 1
51 15 10
72 70 8
39 85 7
64 31 3
44 31 2
4 92 3
84 68 3
31 84 1
14 53 5
58 74 3
28 71 7
91 17 7
10 63 1
34 83 2
67 26 6
99 12 3
14 7 10
91 54 10
80 53 7
6 81 6
35 97 2
18 25 5
35 55 5
91 88 8
86 23 5
88 76 10
26 98 8
67 53 1
67 56 6
1 8 4
34 71 5
99 0 6
35 9 10
92 97 10
13 9 4
22 8 2
17 34 2
18 55 5
31 18 10
91 35 10
5 73 10
34 25 10
58 50 9
66 11 7
58 34 1
1 38 4
99 72 3
91 69 8
71 27 10
90 29 3
94 6 4
14 15 5
29 86 8
67 37 6
62 13 4
86 38 3
66 38 2
38 80 8
14 94 5
30 7 9
14 11 7
50 44 9
29 62 1
69 45 6
8 58 5
46 9 3
81 10 3
21 77 3
74 65 10
71 91 8
90 93 1
66 26 5
93 66 7
29 16 6
90 54 9
46 4 9
74 99 8
93 59 4
54 57 10
82 18 9
94 21 2
21 72 9
54 91 8
86 56 6
9 1 3
36 41 5
48 22 10
38 53 9
70 39 6
45 77 2
50 59 7
60 69 9
78 20 6
72 34 6
32 9 4
93 89 4
94 51 2
41 61 9
89 43 8
49 63 8
36 37 7
90 35 9
53 25 10
77 50 9
39 83 3
89 36 5
8 69 5
56 96 6
41 53 10
96 88 5
20 75 3
85 46 1
27 73 7
24 58 4
70 27 9
49 90 3
89 32 7
68 53 4
20 67 4
80 75 10
36 25 10
55 27 3
72 12 1
3 40 9
68 11 7
12 73 1
72 15 6
89 66 5
8 99 5
3 75 3
16 59 7
60 43 6
24 88 4
16 94 1
51 70 1
36 10 8
55 98 4
23 50 8
52 83 1
84 8 7
22 30 5
4 83 9
51 21 1
67 13 1
16 3 4
55 91 1
60 31 9
4 76 6
84 93 7
4 34 9
6 26 4
56 65 9
14 28 3
27 81 2
43 39 8
84 35 2
64 1 7
40 65 6
27 84 7
2 18 7
3 48 4
56 57 10
35 34 1
91 26 3
22 53 2
27 76 8
86 2 1
84 81 10
50 5 2
18 41 4
35 71 4
95 88 4
6 7 4
11 55 10
43 61 9
79 53 10
71 97 3
75 39 3
55 25 10
50 35 2
99 67 7
79 87 8
67 23 5
10 27 8
22 33 6
38 66 7
79 80 5
74 14 6
71 44 5
98 84 7
53 35 3
83 8 6
99 55 10
62 4 10
30 82 9
5 75 3
21 22 1
21 63 2
45 92 2
46 49 9
98 35 7
95 23 9
75 23 8
94 66 2
9 95 3
57 56 3
42 79 8
98 69 5
5 26 3
13 98 6
38 44 2
74 2 9
82 97 7
45 1 5
62 72 6
26 42 9
37 48 3
54 37 2
29 49 9
94 61 8
99 27 5
33 32 10
17 77 9
89 88 8
32 12 7
94 54 5
94 12 8
46 71 10
65 73 3
73 75 2
25 72 5
12 46 4
57 37 3
21 40 4
33 62 10
60 86 4
97 54 6
64 28 4
82 20 2
4 3 1
69 35 2
76 75 3
8 48 1
60 79 1
33 13 10
61 15 10
97 47 3
45 60 9
64 62 2
24 82 2
76 26 3
13 67 9
68 48 8
60 30 1
85 78 8
32 72 7
53 34 6
44 99 4
69 81 10
61 1 4
68 41 5
61 4 9
89 6 9
65 49 9
28 60 9
45 49 8
44 92 1
72 89 10
7 82 2
25 7 10
49 32 9
44 91 5
12 22 10
36 31 1
96 93 3
97 69 4
15 30 10
7 74 3
88 12 1
48 91 6
9 44 10
64 4 10
80 77 3
31 19 9
79 14 3
40 13 9
16 77 8
52 16 2
56 44 5
10 33 3
27 63 3
14 58 1
60 6 7
96 39 9
24 51 5
31 46 4
18 86 4
37 35 9
11 90 9
68 1 3
7 14 2
39 36 9
47 38 8
39 20 1
52 4 5
3 39 10
80 99 4
22 85 9
79 39 9
83 23 6
27 51 6
14 46 4
23 98 9
27 9 9
68 89 8
26 52 2
92 55 2
91 96 9
46 47 5
1 99 3
51 72 7
51 30 10
11 30 8
6 23 3
1 15 9
30 73 2
62 36 4
15 75 8
79 25 3
58 62 8
84 48 9
1 50 3
63 52 9
82 54 2
14 34 7
26 82 2
31 22 10
59 17 3
35 92 10
46 77 5
14 69 1
66 15 7
63 45 6
1 87 6
67 48 9
66 91 2
92 39 7
1 80 3
10 39 9
82 84 2
30 95 3
54 39 9
86 87 5
30 12 5
95 36 3
42 51 1
18 85 7
34 52 7
26 21 5
73 78 5
94 40 4
50 41 6
98 2 6
82 27 3
86 31 2
49 87 4
82 30 8
26 58 8
86 75 8
41 68 1
9 20 5
81 51 6
85 76 4
45 10 1
50 37 8
38 65 8
69 41 10
50 71 6
81 2 6
70 54 10
65 47 5
37 69 9
12 21 2
45 5 7
17 79 2
0 52 7
48 13 7
70 5 10
4 77 5
97 29 4
65 1 10
24 19 1
64 2 6
61 32 5
20 45 5
20 86 6
77 58 10
0 3 7
28 5 7
64 78 1
36 34 4
82 3 9
93 47 9
33 22 6
40 62 7
69 98 5
85 11 9
17 25 8
77 34 3
49 56 7
39 0 7
51 89 3
36 30 6
15 51 3
68 15 7
20 74 9
12 77 1
97 10 4
6 8 3
73 77 8
96 84 9
61 13 5
85 38 4
39 72 4
7 65 9
23 4 2
24 95 9
27 8 1
56 81 6
84 96 1
19 29 10
23 13 7
88 79 2
0 18 5
85 33 10
31 86 10
44 96 3
56 77 8
0 97 5
39 57 2
0 55 8
7 95 9
72 86 9
26 55 5
47 17 4
36 89 10
47 20 9
0 89 6
55 49 6
2 64 4
76 62 7
67 47 1
1 44 1
80 90 10
55 42 3
67 5 4
35 83 3
10 54 9
39 45 5
75 58 5
31 67 10
4 68 9
52 29 9
19 3 7
16 74 7
55 79 6
34 16 5
39 41 7
59 99 6
75 12 10
67 35 4
18 83 3
6 14 9
5 57 2
11 1 5
86 36 1
71 21 10
88 51 10
59 91 7
14 9 5
74 26 5
18 37 8
50 93 9
86 32 3
34 4 8
2 82 7
19 70 10
1 17 2
91 90 3
18 29 9
35 59 9
63 54 2
95 76 9
2 33 7
75 76 8
6 78 7
83 12 6
90 11 6
29 65 6
46 95 6
42 8 9
54 97 5
75 18 3
46 53 9
18 22 6
91 44 8
54 55 8
22 67 6
2 67 5
75 69 5
82 67 9
57 60 3
34 65 1
41 64 1
58 93 5
90 38 1
58 10 7
58 96 10
50 99 2
65 50 8
93 11 7
74 41 3
42 38 9
70 40 9
57 14 8
54 85 8
58 89 7
41 17 10
2 55 8
38 47 9
77 7 6
9 87 6
18 89 9
38 40 6
49 12 6
69 5 4
66 35 3
34 7 9
77 79 3
50 80 2
89 64 3
33 11 10
9 75 9
74 25 8
94 5 7
54 66 8
36 58 2
27 15 2
70 14 6
53 4 8
60 3 8
70 55 7
20 19 7
61 99 6
41 33 4
49 35 3
93 19 2
61 57 9
28 72 8
97 88 6
89 94 3
77 25 9
64 65 9
37 66 8
61 50 6
73 98 1
21 25 4
29 6 4
80 96 5
33 31 2
45 53 8
55 47 2
29 98 7
9 56 9
76 19 2
64 57 10
0 7 9
19 9 2
36 39 2
4 32 7
36 80 3
60 64 1
3 54 1
8 36 6
15 76 7
96 97 3
16 38 5
21 20 10
28 19 10
3 12 4
60 67 6
80 5 8
32 64 10
97 76 9
92 3 3
61 79 10
28 53 8
73 44 7
43 29 7
12 15 9
37 47 8
56 90 2
43 64 1
69 53 7
60 52 4
40 52 3
8 24 9
44 77 1
56 51 10
55 28 2
4 97 1
35 28 1
7 25 5
31 53 9
80 69 6
36 19 6
10 74 6
73 32 10
12 45 9
31 88 3
51 88 4
52 50 2
27 21 8
7 21 7
24 9 10
79 44 5
55 74 10
96 74 5
27 97 3
7 97 2
23 10 6
7 55 5
1 69 5
7 13 8
91 1 3
95 26 1
11 76 5
22 27 6
99 95 5
39 15 9
87 31 2
98 75 2
99 49 10
47 19 10
75 55 4
50 26 10
87 20 1
75 13 7
92 43 7
95 58 10
43 70 7
91 65 1
99 83 8
98 63 5
14 27 6
79 93 1
95 51 7
75 51 6
90 27 5
10 78 3
75 9 9
77 1 4
62 24 9
23 62 7
54 30 6
78 14 4
2 42 3
38 75 5
62 59 3
67 41 8
13 1 9
79 89 3
90 20 2
98 17 10
42 58 6
66 87 6
13 77 4
41 38 3
53 19 8
75 78 1
62 93 1
82 76 5
9 25 1
42 54 8
79 84 9
5 84 1
81 97 3
33 53 5
45 59 3
75 32 6
2 30 6
18 77 10
94 33 3
13 66 3
5 35 1
30 83 8
65 52 1
33 90 8
93 54 1
13 24 6
13 65 7
65 96 7
87 88 10
90 42 3
97 41 3
97 82 4
17 93 10
45 13 8
20 6 2
69 38 7
33 83 5
86 26 10
61 85 5
41 19 3
82 99 2
78 32 7
17 86 7
45 47 6
62 35 9
42 35 8
20 91 2
36 49 8
9 50 7
28 93 1
46 80 8
48 93 2
60 74 7
65 82 1
21 11 3
28 10 3
65 40 4
73 1 2
93 1 3
90 72 3
29 85 2
9 85 1
40 16 1
72 38 8
37 87 1
94 97 1
70 30 5
82 11 10
9 43 4
36 83 6
81 74 5
94 58 9
8 64 2
28 47 6
15 21 5
60 53 5
51 52 2
31 52 1
44 36 5
31 10 4
89 27 4
65 70 4
60 62 10
76 1 3
56 42 3
73 72 3
52 68 7
8 18 7
32 2 5
4 65 10
64 29 3
97 17 9
29 31 8
9 31 7
48 33 1
76 35 1
93 23 4
69 7 10
44 66 5
4 0 2
68 94 9
15 2 5
4 95 10
11 74 1
76 65 1
56 23 3
8 82 5
20 63 10
68 45 9
48 65 10
88 82 9
80 51 7
39 64 7
52 7 10
68 80 3
11 25 1
43 92 10
91 87 4
84 5 6
6 72 3
7 34 1
51 63 2
4 22 3
67 54 6
96 45 2
47 96 6
52 37 10
14 70 4
47 13 8
96 99 9
55 83 6
59 94 1
43 19 3
55 0 8
91 33 10
2 15 6
47 6 5
39 3 10
26 43 10
18 46 2
55 76 3
67 84 6
10 88 9
31 9 7
67 1 8
68 60 7
18 7 10
39 82 10
63 31 7
87 15 5
31 1 8
2 45 6
2 86 7
50 81 1
83 24 5
22 3 10
80 20 10
92 76 10
1 66 4
34 43 2
34 84 3
67 27 7
5 94 7
2 79 4
42 3 4
71 14 9
71 55 10
22 82 10
83 20 7
14 2 4
87 86 6
23 95 10
34 38 8
23 37 5
30 77 6
66 24 5
77 68 5
1 96 4
17 84 3
1 13 6
18 64 5
74 97 8
5 79 5
26 0 3
34 31 5
30 70 3
53 77 4
58 59 9
83 5 5
50 20 4
77 22 10
62 26 2
30 62 4
66 54 5
83 84 5
5 33 10
86 54 6
53 69 5
77 98 5
87 67 6
50 57 7
9 53 10
21 56 3
58 86 4
41 59 9
46 25 6
17 65 3
82 36 1
93 80 1
85 9 7
9 29 3
20 73 3
32 95 9
37 41 4
65 22 5
94 95 10
73 33 9
85 36 2
28 26 2
12 71 1
72 13 6
53 43 2
41 81 10
8 55 8
36 16 7
33 87 7
57 71 5
37 70 8
89 60 7
56 75 6
9 10 3
16 50 4
64 11 4
93 22 9
20 54 3
65 86 3
72 40 1
28 14 5
85 27 10
89 52 8
23 83 2
93 14 10
32 52 2
73 90 4
43 79 5
55 40 1
20 42 6
24 67 4
28 44 5
81 80 9
88 19 8
51 49 1
3 46 4
20 76 4
31 7 3
32 98 10
60 18 8
20 34 7
76 49 4
61 72 9
24 21 9
44 26 1
76 93 10
96 44 7
40 93 6
25 75 10
51 3 6
72 58 4
88 5 2
15 3 2
64 80 9
39 73 3
4 96 7
15 6 7
2 1 5
79 48 5
96 78 5
3 76 4
80 11 3
0 22 9
19 65 3
3 69 1
76 78 8
19 68 8
43 52 6
30 92 6
95 75 3
2 73 2
14 95 8
91 8 8
52 46 6
67 72 7
55 51 1
43 89 9
55 92 2
91 84 3
34 29 1
88 72 5
51 76 9
6 69 2
23 82 5
35 43 1
71 35 2
59 73 10
83 57 8
27 85 8
88 23 5
39 91 6
7 43 10
47 7 2
67 60 10
2 19 8
26 3 6
59 66 7
74 42 6
30 72 10
34 17 4
2 54 2
2 95 3
63 94 10
91 30 9
71 30 8
70 73 1
38 45 7
87 61 4
46 74 4
54 35 2
54 76 3
22 88 1
18 1 4
86 41 1
78 63 6
82 88 4
55 34 10
50 60 10
17 59 1
50 2 5
18 80 4
91 60 9
98 14 7
78 55 7
22 42 6
2 0 8
94 86 3
30 53 10
78 48 4
98 93 7
38 68 4
14 98 9
33 44 2
65 25 8
20 18 1
70 12 4
94 82 5
53 95 5
29 28 9
86 22 1
98 85 8
42 44 2
74 50 1
61 90 1
34 70 1
70 49 7
29 20 10
45 93 3
90 84 2
77 99 2
82 64 10
57 16 3
42 39 8
21 61 1
8 76 1
73 91 5
77 9 1
25 47 7
25 88 8
48 1 1
66 60 9
21 53 2
78 66 7
48 10 6
40 99 1
65 81 7
80 41 5
64 86 4
69 68 9
32 58 10
94 55 6
64 44 7
54 75 6
28 89 5
61 73 10
40 50 1
80 33 6
97 63 6
12 92 7
40 8 4
77 38 5
44 78 4
48 82 3
40 11 9
69 44 2
15 55 5
43 16 4
17 67 9
72 68 10
37 72 1
97 14 6
55 22 2
60 4 7
37 75 6
39 67 1
94 43 9
84 66 5
3 86 10
19 25 3
8 11 6
80 63 6
0 13 2
57 26 7
92 61 1
28 25 3
61 54 10
73 57 3
96 23 3
28 69 9
47 71 2
15 43 8
16 98 5
64 17 8
27 7 9
68 87 8
92 53 2
11 32 6
27 42 3
7 83 3
19 64 8
76 16 3
56 16 2
3 67 10
11 28 8
28 99 9
60 22 10
36 86 9
27 37 9
71 79 6
96 4 3
56 11 8
80 36 7
12 95 8
19 94 8
64 81 6
7 30 5
11 96 4
88 9 4
22 6 4
56 87 3
99 33 2
11 13 6
91 75 9
63 77 4
51 93 4
10 37 9
14 21 6
51 92 8
34 13 4
28 80 9
30 93 3
59 45 3
71 67 9
22 94 9
47 40 5
47 81 6
1 29 3
27 18 9
34 92 4
62 8 1
59 79 1
99 62 6
34 8 10
92 25 10
50 39 6
17 13 4
79 34 3
34 87 10
13 64 1
59 33 6
67 62 3
62 38 1
26 49 5
99 92 6
11 31 9
59 26 3
79 26 4
86 66 5
86 24 8
83 54 7
70 94 7
34 72 8
41 71 8
99 43 6
79 63 7
59 63 6
50 62 3
66 61 10
75 11 4
2 9 4
17 80 7
29 0 2
34 68 10
20 85 2
46 29 6
53 28 6
66 12 10
17 73 4
63 42 9
45 75 4
62 60 2
77 56 10
78 18 8
97 61 2
99 73 6
9 78 5
69 20 10
45 84 9
85 48 1
33 20 6
77 90 8
57 90 7
1 77 6
32 83 1
72 25 5
74 78 10
82 39 8
81 57 1
93 38 6
73 79 6
41 77 1
78 4 2
83 72 10
17 61 7
97 8 4
82 31 9
33 92 3
28 68 1
20 65 6
32 30 3
97 1 1
94 72 1
24 93 9
12 29 6
9 59 5
36 99 7
49 42 10
85 32 6
52 47 5
57 13 2
49 76 8
29 10 6
44 11 5
0 95 5
16 8 9
73 2 1
15 71 4
37 63 7
96 9 2
76 68 6
80 0 5
16 84 4
65 95 10
44 45 3
56 67 9
93 97 10
68 73 7
32 11 3
39 92 5
60 13 3
6 66 3
16 80 6
57 1 5
64 41 6
61 26 3
84 75 1
0 39 2
24 16 4
57 93 8
52 28 5
88 61 7
49 99 5
36 73 4
89 82 10
48 95 10
11 49 1
0 76 5
11 7 4
40 59 10
8 66 10
68 96 4
36 68 10
67 33 4
56 32 1
96 85 10
79 90 4
39 31 8
55 21 3
88 84 4
10 67 7
15 33 4
56 29 9
43 3 8
1 11 4
96 66 10
22 66 2
30 26 4
47 56 4
87 73 3
19 53 8
1 45 2
6 27 7
18 96 1
18 16 8
90 36 1
38 8 6
62 78 7
14 22 3
10 48 7
46 81 9
62 20 2
55 80 7
7 77 10
6 99 4
22 12 8
58 4 9
67 78 2
41 92 1
5 17 2
78 60 3
87 19 9
71 23 7
90 66 1
53 56 2
2 46 5
75 48 5
42 63 4
26 33 8
1 26 2
6 94 10
21 84 1
34 47 6
63 79 10
94 10 10
90 17 1
82 22 2
41 80 4
62 1 2
87 49 9
18 31 6
77 28 3
62 96 10
54 99 2
74 16 5
41 31 4
71 45 8
34 35 9
53 37 2
61 39 1
73 20 6
54 50 2
0 10 3
17 40 3
90 8 9
74 53 8
73 96 1
33 29 2
93 12 8
29 13 9
81 44 9
82 6 7
13 0 3
29 92 9
57 8 6
64 48 7
81 36 10
73 84 4
41 56 10
8 30 8
20 33 1
97 26 5
60 16 6
57 46 5
37 1 2
25 39 10
29 43 9
21 46 1
28 86 2
57 4 8
37 45 8
57 45 9
13 88 8
60 92 1
45 74 5
21 7 9
57 38 6
69 86 1
24 12 4
52 14 4
8 98 4
61 66 9
28 81 8
20 21 4
0 21 3
12 43 9
49 78 1
8 91 1
89 20 5
68 57 10
41 37 10
21 78 10
23 8 6
7 12 4
24 83 5
76 28 2
37 26 8
19 18 2
4 41 7
8 45 6
23 1 3
43 87 7
96 64 6
8 3 9
97 85 9
47 29 7
88 70 3
37 60 6
24 34 5
4 75 5
88 28 6
92 12 3
23 80 3
84 54 10
39 13 9
60 27 6
96 60 8
10 12 5
12 65 10
60 26 10
40 26 9
47 66 10
64 96 10
7 0 7
39 6 6
4 29 10
6 21 5
72 83 10
79 23 5
56 15 8
15 73 10
96 53 5
88 55 1
52 25 4
64 47 10
31 62 9
59 98 3
3 85 2
14 16 1
87 18 1
59 15 5
10 42 5
15 24 10
91 21 4
31 55 6
86 90 1
79 94 6
10 76 3
87 10 2
55 67 2
67 81 5
1 78 5
95 42 4
62 57 3
1 36 8
92 30 6
74 63 1
80 66 9
19 79 8
10 30 8
14 55 6
31 85 6
71 9 6
92 64 4
94 39 2
62 11 8
6 39 8
43 7 10
23 7 9
95 72 4
7 52 8
78 0 7
2 28 6
62 45 6
42 45 5
34 1 9
92 18 9
26 56 10
67 11 3
54 6 1
71 36 1
74 51 4
78 76 2
98 76 3
75 22 7
99 51 7
9 11 4
53 81 6
18 10 2
78 72 4
65 46 3
65 87 4
78 30 7
82 55 5
77 93 2
87 21 2
42 33 8
9 7 6
30 28 10
90 45 10
13 10 9
77 44 2
42 67 6
29 41 5
29 44 10
70 79 7
33 69 8
8 21 1
78 15 5
85 55 6
93 36 6
32 49 5
36 74 3
61 23 4
63 76 9
45 68 3
69 93 2
60 44 2
45 26 6
57 32 4
62 14 9
49 54 9
66 84 9
24 47 3
93 63 1
58 65 6
0 31 9
74 96 2
49 88 7
42 6 9
49 5 9
9 66 10
33 50 8
33 91 9
52 93 2
60 90 10
5 39 7
76 29 3
93 17 6
25 97 6
49 81 4
27 6 3
81 87 3
24 32 1
33 1 8
93 10 3
56 21 3
15 34 3
61 3 8
57 96 2
32 22 6
97 79 7
4 44 10
9 93 5
41 58 3
8 73 2
80 84 1
96 51 1
0 53 10
47 16 2
69 28 7
12 59 8
19 13 6
36 43 6
37 5 4
4 20 3
9 47 10
28 49 3
33 72 9
44 3 8
80 35 1
20 46 8
27 86 9
32 94 3
80 76 2
24 13 1
68 66 6
85 96 6
56 2 3
32 86 4
85 54 9
21 4 8
40 6 1
89 21 2
35 74 2
91 66 4
48 37 7
10 70 1
22 9 9
51 42 2
51 83 3
11 41 4
15 45 3
43 6 2
31 44 10
92 74 10
4 80 3
34 41 2
68 47 6
14 42 1
87 85 2
67 63 6
3 27 8
92 9 2
56 20 6
28 17 10
11 64 1
67 97 4
23 86 7
71 81 1
83 10 8
14 37 7
84 2 9
35 50 8
47 53 1
75 67 7
39 95 8
14 71 5
95 9 3
6 11 1
1 3 7
11 59 7
42 24 1
50 14 6
38 84 3
22 54 7
66 3 5
90 73 6
1 75 4
82 34 1
11 47 10
59 42 4
91 23 10
95 48 8
63 28 10
87 12 8
62 5 2
42 5 1
71 57 7
5 54 7
46 50 1
93 32 6
65 29 10
13 68 5
83 21 8
99 94 1
5 88 5
74 23 10
54 23 9
54 64 10
91 53 10
95 78 8
30 37 6
66 70 8
2 34 10
57 69 5
90 12 9
17 44 3
53 2 10
33 2 9
50 32 9
54 15 10
66 63 5
36 7 4
70 88 3
93 20 9
85 23 1
93 61 10
17 82 2
82 94 1
37 20 4
78 27 6
32 16 4
16 41 1
99 40 7
86 14 6
73 54 6
29 4 6
53 29 5
25 51 9
42 81 9
25 35 1
62 65 2
37 57 7
77 57 9
1 2 10
38 90 9
60 65 8
97 33 10
32 46 4
81 78 9
24 68 9
64 32 1
76 54 7
33 59 4
28 51 10
37 84 2
32 55 9
36 32 10
52 60 1
57 87 8
69 90 1
78 8 6
93 77 4
0 25 3
29 77 9
37 38 7
20 28 9
24 53 7
4 53 6
64 20 4
3 74 4
32 85 9
33 5 10
76 77 4
16 52 1
52 51 9
44 54 1
93 65 7
20 97 1
56 76 7
73 65 6
73 23 9
97 93 10
89 96 2
52 41 1
27 12 7
12 61 1
55 14 7
89 54 5
39 18 5
60 73 3
6 33 4
68 75 2
8 86 9
3 21 6
27 91 7
11 23 5
35 7 3
52 78 4
2 22 2
19 52 2
73 94 10
48 46 3
88 63 2
15 61 2
88 21 5
43 73 3
35 2 9
51 9 1
87 22 1
15 12 2
64 89 9
30 13 1
22 10 6
92 83 6
26 80 6
28 92 10
56 8 7
79 60 10
3 43 7
58 78 2
19 74 3
67 88 10
87 52 1
2 98 10
88 44 2
10 34 8
88 2 5
4 93 10
87 3 1
1 20 2
96 75 8
87 6 6
30 10 9
98 5 4
5 3 3
2 74 3
87 98 9
91 9 9
90 52 2
41 29 2
91 2 6
38 17 4
75 30 8
58 20 10
23 41 9
34 26 4
41 25 4
46 7 9
46 48 10
63 58 8
94 27 7
54 2 5
1 93 5
95 57 4
70 33 1
59 60 5
29 90 7
37 6 3
71 66 3
41 10 2
93 41 2
66 42 1
78 64 7
41 13 7
18 98 9
58 1 10
79 97 9
34 49 1
18 40 4
37 2 5
13 86 6
69 8 4
29 34 4
37 36 3
49 58 9
78 53 6
99 15 5
21 39 5
78 11 9
85 51 10
90 14 2
94 84 2
25 67 8
42 56 7
94 42 5
8 6 1
72 59 7
42 90 5
38 23 10
25 18 8
42 48 8
12 37 9
41 70 2
61 8 4
61 94 7
36 4 3
72 96 10
15 0 7
51 73 1
82 24 10
57 17 4
25 14 10
49 39 9
51 31 4
48 61 3
94 30 8
76 63 3
78 75 7
41 65 8
25 90 5
93 51 6
33 26 3
40 25 3
72 47 10
20 0 2
77 55 4
9 52 6
84 87 2
44 8 4
81 38 5
73 60 10
9 51 10
76 14 3
25 83 2
54 42 9
85 66 8
41 16 8
48 56 9
8 31 7
32 15 5
80 42 6
32 18 10
4 62 2
60 20 10
48 49 6
28 90 6
16 26 3
40 96 4
20 30 2
56 9 8
64 38 5
44 79 5
7 28 5
49 20 9
51 12 4
11 53 3
3 95 10
28 41 6
84 33 8
22 55 6
35 39 10
3 37 5
15 18 10
44 72 2
12 44 8
67 79 3
92 70 1
4 9 4
28 37 8
59 2 2
52 62 7
91 24 9
27 55 1
96 73 4
60 1 10
67 75 5
76 74 3
23 89 1
23 47 4
40 77 4
88 30 1
6 88 8
31 34 4
84 56 5
31 37 9
79 32 3
6 30 3
91 95 10
2 77 6
83 15 4
64 56 8
92 51 1
19 49 1
14 41 7
31 30 6
31 29 10
35 99 10
80 45 7
19 58 6
47 60 6
27 39 6
91 81 4
79 17 1
88 69 6
43 28 5
83 45 4
19 95 9
98 21 3
83 3 7
79 96 1
26 77 5
79 13 3
71 76 9
46 69 3
79 12 7
35 1 10
83 82 7
26 86 10
75 2 1
83 40 10
1 82 9
71 69 6
82 0 5
10 73 4
78 67 10
79 8 9
95 39 5
14 18 9
34 93 5
18 43 7
74 76 10
46 58 2
41 50 8
53 98 3
58 80 8
30 49 5
13 73 1
66 82 7
99 22 6
95 32 2
45 17 1
50 85 9
69 87 2
74 69 7
71 99 6
34 89 7
78 97 10
30 0 5
98 81 3
66 33 7
58 56 1
50 78 6
98 39 6
87 91 10
17 10 7
36 53 1
21 38 10
13 61 4
50 29 6
1 56 6
75 61 5
37 27 9
17 47 10
29 50 3
34 32 8
37 11 1
30 71 6
49 33 7
29 8 6
9 8 5
53 78 7
81 39 6
13 12 4
66 21 10
70 46 8
50 25 8
97 70 2
69 67 6
93 96 6
66 97 5
29 1 3
5 76 10
89 9 9
21 68 10
76 8 1
57 99 7
89 85 4
9 80 2
76 17 6
66 48 5
73 88 6
20 82 5
0 37 2
4 14 3
45 28 1
40 20 7
37 91 7
69 56 5
42 57 4
73 81 3
89 39 9
4 23 8
9 72 3
16 71 3
89 80 10
93 84 9
16 29 6
60 99 8
81 20 6
19 34 1
36 64 1
52 63 8
69 48 6
81 96 1
36 22 4
89 31 10
42 11 9
56 5 8
76 5 9
53 96 10
45 16 4
32 31 4
16 56 1
41 83 9
73 69 6
15 80 4
24 46 6
28 23 7
4 87 6
72 7 6
80 9 5
12 68 6
19 22 4
36 52 4
61 84 3
39 25 10
48 58 2
36 96 10
84 91 4
35 14 8
89 12 10
27 88 4
36 6 9
28 9 1
55 90 4
72 79 3
24 76 6
19 93 5
96 57 7
68 26 4
0 85 5
11 16 4
80 32 2
30 17 1
76 99 7
6 63 6
96 94 10
3 6 6
99 28 1
2 94 1
67 0 7
35 37 5
40 19 10
2 52 4
19 82 4
27 34 10
83 31 3
95 12 8
79 57 7
16 28 9
23 68 10
3 2 8
47 93 9
2 44 5
47 35 4
6 48 4
11 80 2
1 24 2
6 51 9
18 78 6
91 14 5
35 25 8
83 61 3
88 43 8
22 40 8
6 44 6
56 79 10
23 53 8
91 93 5
5 45 2
5 86 3
35 17 9
63 12 2
14 80 3
1 54 2
87 40 6
67 15 5
10 64 10
38 59 3
54 13 8
22 70 8
58 17 7
70 3 3
87 74 4
79 75 10
99 39 1
38 93 1
69 24 1
54 9 10
78 34 9
87 70 6
74 44 5
74 85 6
6 24 10
75 6 3
10 94 10
30 58 1
71 32 7
21 17 6
38 88 7
42 72 4
63 34 3
2 13 8
1 35 2
62 75 10
17 68 3
41 93 2
50 11 7
81 76 7
86 42 4
5 21 8
53 16 2
70 67 1
77 86 3
66 0 6
50 4 4
57 44 5
99 61 2
9 41 8
21 44 1
61 27 6
38 32 4
90 63 4
60 7 3
21 5 9
38 35 9
30 4 7
13 28 3
42 60 7
57 78 3
94 88 2
89 22 3
81 23 9
54 24 8
66 27 1
98 94 10
58 69 8
90 55 5
64 69 4
24 89 4
70 13 7
72 5 2
32 25 2
98 87 7
50 84 10
78 45 9
53 38 3
33 38 2
93 21 8
32 34 7
70 51 6
17 0 3
90 9 10
72 1 4
4 81 4
94 79 10
81 53 9
8 85 3
41 28 7
21 28 6
43 41 1
48 68 8
65 98 8
80 54 5
45 56 10
27 3 2
89 86 1
40 32 8
16 96 7
54 88 6
81 45 10
80 88 3
36 38 3
65 90 9
0 83 1
80 8 10
17 71 4
29 52 9
49 57 1
61 38 6
43 71 1
19 4 5
4 27 10
21 16 9
0 34 1
27 74 3
52 23 4
57 5 9
84 82 10
3 42 1
60 10 4
28 7 10
47 50 4
73 39 10
97 23 8
4 99 7
15 98 5
61 67 10
4 16 9
4 57 10
23 59 3
23 17 6
68 8 5
24 50 8
31 49 8
6 42 2
23 93 1
79 85 3
92 28 6
55 16 2
27 58 8
39 61 1
16 65 10
16 49 2
60 77 7
91 42 1
7 92 5
71 0 3
7 9 7
51 79 9
84 97 8
26 10 4
4 38 10
15 82 10
63 98 3
50 72 2
22 61 1
55 4 5
95 21 4
3 94 2
87 68 2
92 50 7
59 24 5
99 7 10
14 76 3
98 29 4
84 44 10
75 16 9
46 35 7
86 94 7
83 79 4
46 28 4
43 65 10
30 19 7
41 4 2
14 64 6
62 17 3
67 44 10
18 92 9
83 75 6
87 7 5
46 65 7
91 11 4
83 33 9
63 33 8
63 74 9
98 9 8
2 37 6
87 0 2
34 10 9
74 60 4
30 90 8
83 67 7
41 75 3
65 59 1
42 88 3
63 9 1
66 75 6
45 96 3
8 0 1
1 60 6
65 13 6
62 84 6
97 40 4
94 70 3
34 81 10
37 15 1
54 45 1
13 58 1
9 16 6
63 97 6
61 2 4
98 32 5
85 72 5
25 5 5
69 75 7
75 19 10
90 88 8
78 24 5
85 64 6
45 39 4
25 42 8
12 16 7
9 42 5
33 71 5
66 14 9
48 47 4
94 16 9
5 18 7
82 45 5
45 35 6
25 76 6
12 50 5
60 11 5
86 93 10
12 8 8
24 56 3
36 78 9
70 76 10
25 69 3
56 0 3
73 30 3
78 12 8
72 26 8
52 26 7
52 67 8
49 97 7
36 71 6
42 15 9
49 55 10
53 59 9
78 91 8
0 74 7
8 10 5
32 39 5
12 80 5
60 41 5
0 16 2
97 9 7
76 72 1
49 6 10
55 68 5
33 10 8
60 50 10
65 99 5
88 86 4
85 41 8
15 1 6
27 49 1
49 44 9
61 88 3
24 37 3
61 5 5
22 34 4
0 62 10
65 53 10
96 18 4
32 68 9
51 28 5
11 69 4
28 13 1
35 53 2
60 80 10
80 44 1
91 45 4
92 7 2
0 96 8
11 27 7
80 2 4
88 74 7
44 47 2
76 69 9
7 37 3
9 90 8
64 5 6
35 90 5
88 67 4
39 94 4
36 82 6
40 14 5
44 39 3
36 81 10
10 95 9
55 86 8
56 99 8
96 33 2
31 43 2
11 43 1
46 72 8
84 23 6
59 82 1
91 63 7
35 29 8
63 65 2
67 69 1
26 31 10
88 85 7
67 65 3
95 67 3
78 88 5
71 51 9
58 66 9
13 18 1
30 35 6
98 30 1
95 18 3
50 30 9
1 12 7
74 55 8
86 61 6
88 73 10
26 95 8
1 47 1
90 3 6
65 41 2
1 5 4
91 78 5
17 38 5
18 59 8
91 36 8
94 15 1
70 82 5
2 21 9
1 84 4
13 47 5
18 52 5
34 60 6
86 5 3
66 5 2
82 4 9
58 47 9
87 63 5
21 93 3
36 28 1
46 59 1
41 96 9
33 99 1
2 92 10
38 39 9
45 79 10
78 3 1
63 30 7
90 70 9
32 37 1
81 69 6
17 19 5
25 21 4
38 74 3
74 32 10
54 73 10
16 20 1
98 41 1
85 39 4
90 21 9
17 53 3
65 14 3
94 91 9
62 44 2
74 66 8
73 67 4
90 97 4
53 46 4
48 38 10
40 41 2
70 97 3
20 61 3
85 73 2
52 88 1
17 49 5
41 74 4
52 5 3
54 17 7
61 98 9
5 85 8
36 50 2
89 18 7
20 95 1
73 63 6
40 78 5
25 60 9
27 52 4
45 44 2
52 84 3
17 41 6
82 12 4
4 39 9
16 87 4
41 69 10
3 61 3
60 71 3
73 14 6
16 4 6
70 85 6
40 29 5
57 59 5
0 4 3
19 50 2
89 3 5
45 90 10
37 93 2
68 24 2
73 51 9
52 69 1
69 99 1
37 51 5
45 32 5
32 6 4
76 97 5
17 29 9
24 28 9
4 69 9
52 30 9
69 60 9
84 70 2
33 60 5
45 41 10
25 82 10
44 84 3
52 65 3
37 88 8
39 80 3
84 21 2
88 91 2
68 12 5
27 70 7
51 95 6
31 95 5
72 16 4
97 48 3
36 61 2
4 13 6
6 91 4
96 36 5
56 43 10
80 72 10
12 86 9
43 17 9
40 47 8
71 12 2
56 78 4
39 68 6
4 50 9
76 36 8
56 36 7
55 99 2
40 81 6
31 83 8
6 76 2
46 93 1
79 36 5
10 21 7
83 6 3
95 28 9
92 58 8
44 2 4
10 55 5
55 46 4
30 38 9
58 53 4
14 83 8
39 49 6
7 1 10
11 71 10
43 77 9
92 85 3
31 64 8
47 44 2
42 70 2
58 3 8
59 58 5
56 54 10
88 94 3
58 38 2
7 73 7
78 21 6
5 19 6
2 49 5
14 10 1
94 52 2
74 72 3
10 36 5
5 12 3
95 85 4
35 26 7
90 61 2
59 88 5
92 31 9
59 5 7
58 68 2
1 72 5
78 51 6
58 26 5
87 42 1
14 40 1
99 64 7
46 16 9
63 67 8
77 65 1
77 23 4
57 23 3
98 78 2
87 37 7
73 12 2
53 32 3
75 65 7
49 79 6
90 0 5
87 30 4
74 4 3
83 97 9
21 60 2
98 73 8
0 56 6
38 7 4
78 31 10
12 62 4
77 53 4
17 28 1
9 91 7
57 11 6
12 96 2
41 14 8
40 57 1
77 46 1
77 87 2
42 69 5
77 4 4
48 89 3
53 71 8
37 3 6
74 33 7
13 46 6
81 73 8
41 7 5
98 62 7
25 32 2
49 60 6
64 36 5
17 16 4
29 38 10
8 15 1
81 24 8
93 72 3
40 87 1
93 30 6
32 43 5
57 75 4
81 59 2
7 19 2
12 87 10
48 74 1
61 17 4
24 7 5
4 48 5
84 24 5
45 62 3
13 34 9
15 92 5
28 35 8
3 28 2
25 20 5
9 65 4
20 16 5
51 40 4
64 24 8
81 54 8
15 85 2
80 97 1
25 99 5
56 30 5
15 84 6
60 34 4
72 56 10
0 9 1
76 81 8
89 91 1
44 17 4
70 6 10
28 62 3
33 89 10
85 75 8
28 20 6
8 40 7
64 10 2
0 1 2
24 30 2
4 71 2
64 13 7
19 98 3
23 75 4
35 56 9
45 87 9
10 49 3
55 56 10
12 19 10
76 53 3
92 0 1
80 78 1
43 27 1
84 42 8
43 26 5
40 56 4
80 39 9
6 67 8
3 97 7
51 58 7
24 59 6
11 99 6
18 53 4
3 55 10
23 19 1
79 11 3
52 71 7
83 36 1
27 64 1
92 71 2
51 50 8
79 45 1
83 73 4
5 6 1
88 39 1
95 79 2
44 27 8
96 29 6
10 22 4
11 77 1
10 25 9
91 97 7
62 3 4
38 70 8
13 22 1
91 39 2
88 27 4
11 72 7
18 71 7
59 67 1
99 50 6
46 2 8
63 53 7
29 7 2
34 75 10
83 91 7
70 86 5
69 66 2
59 97 1
78 25 8
26 37 5
1 81 1
41 5 1
50 15 9
29 37 2
81 64 1
93 45 6
53 65 6
2 96 10
13 40 4
5 9 2
61 22 3
95 82 3
42 97 1
69 54 5
97 15 4
82 38 9
99 68 9
58 81 9
46 17 6
53 57 7
50 87 6
61 18 5
20 31 5
37 82 4
83 30 10
49 46 5
93 75 6
45 72 9
13 25 2
0 65 2
32 29 4
77 20 3
73 9 1
0 19 7
38 11 6
17 7 10
8 92 10
40 36 10
45 2 7
94 18 4
16 1 3
36 87 7
89 10 10
81 33 4
61 33 3
25 94 9
90 85 9
33 75 9
0 90 8
7 44 6
37 17 9
37 58 10
17 37 10
69 23 8
56 63 8
31 56 2
40 66 10
65 32 8
52 72 8
56 97 6
19 1 4
9 35 8
55 77 3
85 91 7
19 80 4
24 62 9
6 54 3
6 12 6
24 4 4
27 67 4
35 69 3
72 99 4
3 0 8
8 49 3
19 73 1
19 31 4
48 83 10
76 44 9
16 19 6
48 25 5
35 20 3
88 42 4
39 24 2
7 62 9
47 26 1
6 84 3
32 28 7
43 93 6
43 10 8
55 58 3
6 0 9
67 21 4
22 73 2
2 31 4
88 37 10
44 51 6
3 64 6
16 7 9
67 58 7
15 70 4
2 65 2
55 53 9
35 8 6
47 14 4
18 99 3
35 87 6
71 34 5
5 31 5
91 79 8
18 15 9
23 74 5
79 66 7
18 50 3
35 80 3
96 54 10
10 92 10
58 87 4
18 8 6
35 38 6
19 83 5
6 57 4
1 33 2
10 85 7
23 28 10
54 34 5
63 86 10
84 27 10
83 70 3
90 24 1
59 51 4
1 70 5
54 27 2
74 30 8
22 83 6
22 0 8
95 43 9
77 35 3
79 88 8
29 32 6
46 62 6
79 5 10
2 76 2
86 29 3
13 80 10
78 92 9
38 26 6
83 58 6
77 72 6
59 39 7
78 85 6
58 19 4
13 31 10
65 17 8
17 81 1
87 34 4
46 92 6
53 90 10
74 11 8
20 89 1
63 43 3
94 67 2
70 0 6
24 72 2
29 99 9
77 60 9
48 59 5
18 56 9
74 3 9
5 30 8
73 8 6
54 38 2
97 36 10
32 4 2
8 71 6
33 17 2
13 37 3
17 62 1
81 32 9
56 46 2
73 35 1
9 26 1
4 18 7
96 42 2
38 78 7
21 6 10
97 21 8
97 62 9
49 2 3
76 42 5
61 24 9
78 54 9
60 87 4
65 69 9
90 60 7
36 20 8
56 35 1
8 94 3
81 17 7
76 79 8
8 52 6
57 68 3
20 58 4
70 52 7
64 66 7
72 2 5
21 71 4
16 63 10
89 98 6
43 46 3
20 51 1
20 92 2
0 92 1
43 4 6
20 9 4
97 2 8
12 31 9
31 74 3
57 63 9
39 10 1
89 8 5
48 62 6
80 93 5
52 90 9
44 93 1
72 74 2
3 16 7
27 0 5
16 93 10
76 57 3
92 49 3
36 77 3
43 34 6
96 11 5
88 58 3
44 5 9
61 76 10
24 25 10
12 53 10
19 32 1
51 99 10
84 76 8
23 63 9
91 58 4
39 70 1
75 0 3
67 42 10
84 72 10
76 41 8
3 73 2
22 1 9
92 29 7
23 56 6
59 3 5
3 31 5
63 73 5
47 84 10
44 69 7
38 24 2
43 91 1
47 74 2
46 56 4
59 40 8
46 14 7
35 13 4
10 98 1
46 90 2
47 28 7
96 21 9
95 64 2
75 64 1
27 89 9
98 79 5
14 84 7
62 79 1
30 74 2
46 41 2
54 43 1
83 95 7
63 95 6
50 69 5
67 99 5
78 71 5
99 85 2
50 27 8
83 88 4
94 19 3
46 78 5
30 69 8
95 94 2
10 89 9
74 48 9
70 28 2
9 82 2
81 72 2
59 55 6
10 82 6
87 16 5
38 51 10
30 20 8
81 30 5
5 58 4
98 60 5
82 85 2
65 75 4
17 72 7
97 19 4
57 39 4
74 24 2
83 76 7
34 95 4
25 26 2
50 8 8
1 76 9
32 41 3
29 71 2
34 53 7
95 40 8
42 14 5
9 70 5
30 50 8
8 9 1
98 48 8
13 32 7
65 63 7
29 22 2
66 76 7
29 25 7
81 11 5
48 26 4
33 8 8
32 71 3
97 42 1
60 32 2
33 84 3
61 45 2
48 60 2
53 87 9
13 62 7
65 7 4
77 13 2
94 64 1
51 68 2
29 96 8
53 80 6
37 12 4
81 41 5
52 81 2
85 24 6
25 85 6
49 69 4
65 2 10
82 53 9
64 45 3
61 75 2
73 97 8
93 81 1
72 77 5
57 84 2
69 65 7
27 28 1
51 98 2
37 42 4
49 23 9
8 77 10
73 48 8
48 41 2
53 68 9
8 61 2
85 95 7
39 43 4
64 33 6
81 63 6
61 21 8
51 0 2
51 86 5
92 65 2
23 5 2
88 49 9
19 72 7
18 32 2
35 62 2
61 51 8
26 13 2
0 64 7
96 20 1
96 61 2
52 8 8
44 56 2
88 0 9
31 71 2
16 11 9
23 51 10
15 74 4
55 57 9
52 87 8
88 34 7
95 74 8
7 80 1
19 61 6
40 23 5
11 22 1
67 55 4
7 89 6
91 83 8
51 59 6
87 72 6
68 72 9
30 60 1
63 82 1
88 64 7
50 55 4
43 74 8
6 64 9
34 59 2
11 10 4
84 73 7
91 72 7
31 13 10
38 87 5
95 55 8
58 45 9
67 36 4
18 84 3
6 15 9
98 88 1
26 74 8
50 43 7
67 32 6
5 95 5
99 18 3
38 72 3
83 63 2
33 48 1
70 61 5
34 40 2
11 35 10
87 83 6
18 65 3
74 57 5
41 72 4
87 41 9
5 42 7
82 52 1
45 42 2
94 74 7
57 64 8
86 97 1
54 94 7
82 10 4
5 34 8
38 56 8
62 81 7
72 75 1
13 7 5
37 98 5
74 87 5
85 18 4
74 45 8
34 20 6
93 5 4
66 51 5
93 91 7
33 66 4
93 8 9
66 9 8
0 40 2
73 49 9
69 97 1
49 14 2
12 4 3
13 95 10
85 13 10
45 81 7
60 57 6
62 69 10
89 73 2
9 84 8
76 88 2
20 35 9
0 35 8
39 37 2
56 88 1
21 90 6
36 66 5
20 70 3
90 64 7
70 64 6
60 94 9
70 22 9
89 24 2
76 84 4
21 41 6
96 76 2
53 47 5
70 98 4
40 45 8
88 40 2
32 27 1
68 6 7
49 36 3
29 56 4
48 77 10
60 38 6
40 38 5
84 49 2
96 30 7
7 53 4
25 45 2
56 69 1
31 81 8
51 65 1
36 47 5
21 29 9
33 35 7
60 75 9
3 20 7
97 27 3
16 40 1
4 78 9
24 78 10
76 23 7
49 24 6
51 16 1
89 49 8
43 38 6
23 38 5
23 79 6
60 68 6
64 93 4
73 11 9
0 43 3
12 49 1
28 96 5
80 85 8
35 78 1
3 9 6
14 74 5
64 88 10
19 40 2
47 1 1
48 92 8
96 87 2
92 41 6
26 38 6
68 14 2
10 83 5
11 4 2
96 48 10
10 0 7
88 92 3
39 74 1
95 91 3
76 87 5
44 23 1
23 60 6
59 52 7
79 52 8
64 77 9
75 83 3
43 95 1
91 16 9
95 0 6
87 89 1
19 28 5
43 98 6
79 86 6
55 59 2
74 21 3
22 77 6
75 34 3
95 37 9
5 98 8
43 90 7
30 47 9
30 88 10
71 2 2
62 87 2
6 32 4
87 77 4
92 59 9
79 33 8
10 15 5
47 69 10
26 91 3
38 54 4
35 5 7
92 52 6
26 7 9
91 32 3
98 72 4
86 8 1
66 49 1
38 5 4
17 26 1
34 56 1
63 46 8
65 38 3
38 42 7
94 98 5
57 2 3
98 57 2
5 55 1
33 27 10
98 18 10
70 21 1
22 46 9
82 43 7
87 92 2
57 36 1
86 88 7
99 31 10
9 36 9
38 69 2
93 29 2
8 13 1
66 30 1
58 72 8
77 74 1
97 12 3
75 40 9
38 30 10
13 74 6
41 35 5
21 35 4
8 50 4
97 91 3
70 92 2
82 73 7
62 48 6
9 63 4
86 76 10
53 50 8
74 12 7
8 43 1
65 56 6
50 38 10
8 1 4
21 30 10
69 84 9
66 69 6
57 20 6
44 15 4
60 25 1
21 23 7
57 54 4
69 76 10
39 4 1
68 36 5
81 82 8
21 57 5
49 18 4
54 0 9
93 2 3
65 44 9
28 55 9
57 47 1
27 77 3
32 59 8
25 2 10
9 88 10
43 25 1
21 8 5
93 39 6
82 91 10
47 8 2
39 50 9
83 90 9
40 12 7
51 56 7
55 81 5
84 74 6
37 0 9
8 19 7
25 70 6
19 84 6
31 90 4
15 94 2
51 7 7
24 8 6
76 39 6
32 82 5
80 64 4
19 77 3
55 35 10
64 68 2
49 91 7
23 12 7
4 1 2
16 68 10
6 37 3
43 5 5
96 27 6
47 75 5
3 25 5
83 22 4
7 50 3
55 62 5
3 34 10
31 36 10
11 36 9
43 84 5
55 65 10
10 58 3
71 37 1
83 18 6
12 28 10
44 14 7
11 29 6
28 59 6
76 20 6
84 51 8
84 92 9
35 57 10
10 9 3
22 31 9
51 67 7
11 63 4
31 25 9
79 20 3
18 20 7
96 91 4
10 43 1
26 1 7
80 82 7
7 31 3
74 88 4
67 51 8
79 54 1
99 37 5
30 63 8
63 40 6
67 85 6
99 71 3
67 2 8
86 45 2
1 40 9
59 7 9
66 40 7
14 52 4
71 6 4
82 71 3
38 21 3
62 91 4
11 81 7
98 97 8
59 34 4
10 61 4
70 58 2
99 17 9
2 83 9
30 44 8
63 21 6
58 14 1
65 54 2
14 89 7
17 51 5
14 6 9
70 19 10
79 72 4
5 46 7
90 95 6
46 45 6
14 82 4
13 19 4
85 30 3
65 5 2
70 53 8
1 55 7
26 46 5
69 33 5
42 34 4
18 68 10
17 5 10
5 83 10
33 78 3
83 51 7
90 91 8
33 36 6
38 2 3
69 26 2
97 28 2
18 19 10
46 75 6
98 20 3
66 58 10
0 44 2
17 74 2
48 5 2
85 60 3
42 23 3
1 43 10
54 86 10
9 38 2
85 94 1
98 12 4
21 2 3
65 72 5
29 72 1
69 14 5
69 55 6
66 85 5
94 46 4
54 21 2
66 2 7
66 43 8
73 83 9
85 45 1
9 33 8
94 4 7
50 88 7
85 89 7
32 38 4
12 38 3
77 80 5
8 22 10
17 96 3
53 54 10
55 26 3
37 79 7
0 28 7
19 71 1
20 69 9
39 71 2
82 70 6
69 85 6
9 19 2
9 60 3
53 89 4
84 12 1
33 88 7
52 48 3
36 93 2
72 10 8
64 54 1
81 84 1
89 61 7
64 12 4
27 95 4
36 54 10
16 54 9
55 97 4
56 18 1
72 44 6
52 44 5
89 95 5
39 59 5
16 44 1
52 2 8
69 32 8
49 73 8
40 72 5
73 15 9
80 55 10
36 5 10
55 7 3
55 93 6
84 0 4
20 50 9
27 90 10
39 52 2
52 36 6
19 96 7
36 40 4
11 57 2
44 0 6
15 19 4
39 89 5
84 88 9
39 47 8
55 37 3
16 35 9
55 78 4
68 21 7
22 93 3
79 6 2
80 27 5
2 10 4
11 87 2
44 30 6
91 62 6
10 41 10
22 89 5
27 71 10
35 32 8
3 77 4
56 45 9
92 37 10
52 96 6
27 22 10
39 28 8
26 68 8
67 64 2
6 2 6
14 4 5
46 60 6
10 71 10
88 80 8
6 36 4
92 22 8
26 19 8
31 68 3
71 85 2
18 66 6
5 40 5
92 98 3
19 16 10
74 9 8
22 21 5
46 32 1
58 54 7
30 23 4
90 40 4
77 14 3
75 98 3
83 34 1
33 23 1
58 5 7
50 94 2
90 77 7
21 51 1
38 81 1
75 94 5
50 45 2
42 25 10
41 47 4
99 19 2
25 30 4
70 62 4
75 3 8
82 68 2
94 49 7
21 81 1
78 94 6
41 84 7
94 7 10
73 70 4
12 41 6
57 73 6
85 34 5
94 0 7
21 32 1
53 99 10
85 43 10
94 76 2
0 11 1
78 79 4
38 99 4
49 30 3
54 12 8
81 52 10
89 13 8
77 59 1
65 97 9
45 14 10
82 49 2
76 21 5
78 33 9
72 88 10
25 89 8
0 41 1
27 40 2
55 1 1
60 24 7
93 44 2
56 55 2
73 85 2
13 96 9
40 17 3
64 87 4
20 37 4
97 30 8
44 86 7
51 19 6
24 20 5
31 60 6
76 9 8
55 72 2
77 84 7
32 10 10
89 70 3
43 59 1
47 87 4
25 29 7
80 30 8
47 45 7
64 75 7
20 25 7
37 76 6
16 72 10
44 33 9
85 88 8
3 30 1
8 53 7
15 52 7
15 93 8
43 13 6
96 31 6
15 10 10
32 40 10
12 40 9
4 84 2
92 62 1
89 58 6
4 42 5
76 32 5
56 73 5
68 54 10
27 92 3
80 60 8
72 41 5
56 66 2
51 37 9
11 78 8
79 73 3
19 14 6
36 44 6
40 69 4
15 40 10
88 22 1
26 89 1
79 24 3
59 65 3
79 27 8
6 25 8
3 10 5
22 98 1
1 94 5
47 63 10
14 78 9
92 4 9
23 27 7
27 31 6
2 7 3
59 54 2
38 91 7
50 97 5
71 18 3
1 79 3
98 58 5
75 1 4
23 99 4
22 95 9
34 58 10
99 29 8
30 56 7
59 49 8
5 49 1
71 52 1
98 92 3
65 66 1
50 48 5
78 9 4
6 82 3
66 79 1
90 15 2
75 38 7
34 96 9
46 99 2
62 12 6
86 82 7
18 26 2
30 48 8
10 68 9
46 15 8
62 88 1
66 74 7
26 50 5
66 67 4
94 28 3
99 10 8
81 43 3
59 30 8
34 23 2
53 44 8
77 69 7
98 31 6
13 60 7
34 74 4
25 46 3
54 82 1
99 6 10
83 92 10
50 66 8
65 42 7
42 27 3
57 3 2
25 0 8
42 30 8
33 70 6
50 17 8
17 32 7
29 80 2
62 23 6
94 9 3
49 21 9
86 51 10
90 76 8
48 84 4
45 69 1
13 41 7
90 18 3
12 1 2
17 69 10
65 30 10
62 15 7
36 29 6
9 30 5
28 76 4
80 21 1
32 80 3
85 3 6
72 63 8
25 64 6
49 48 4
77 29 5
44 24 2
16 66 8
84 61 3
8 89 2
41 32 6
45 57 4
85 40 9
12 72 3
81 88 1
12 75 8
84 95 1
40 84 4
35 60 2
81 8 8
20 62 8
85 74 7
48 23 7
72 93 8
69 78 5
12 26 8
20 55 5
31 27 5
48 16 4
93 48 4
32 61 3
0 99 10
28 15 7
40 63 2
84 7 9
19 59 6
23 84 4
44 46 3
56 27 8
39 17 10
19 17 9
11 20 1
16 47 8
48 50 2
68 74 7
28 8 4
92 2 5
32 53 4
85 21 9
48 11 10
96 6 4
49 66 7
19 10 6
31 58 1
44 42 5
28 87 4
35 41 2
84 79 6
27 83 9
28 4 6
35 44 7
19 89 6
47 5 3
12 7 8
14 20 2
56 98 9
51 53 8
91 70 7
22 52 4
6 97 3
55 71 3
60 98 10
22 86 2
68 55 7
83 27 4
88 50 10
31 80 2
74 67 2
11 38 4
5 52 4
68 51 9
99 16 3
30 39 1
35 66 8
55 66 9
2 40 6
50 76 1
47 30 9
7 98 6
91 51 7
71 92 7
55 17 9
15 37 9
67 57 1
58 8 1
5 82 4
63 14 10
59 21 1
47 99 1
2 25 4
63 49 4
14 31 2
50 23 3
86 95 1
5 74 5
66 53 3
71 39 9
63 83 2
83 42 2
2 20 10
14 68 5
42 21 1
18 51 6
67 3 7
30 57 4
90 74 4
57 48 2
63 37 7
82 80 1
54 36 4
74 39 10
54 80 10
13 93 10
87 55 3
78 6 3
5 97 2
34 90 3
14 56 8
69 91 3
41 88 7
58 77 6
62 9 5
66 34 3
46 13 3
58 35 9
77 78 3
17 56 5
62 2 2
86 72 3
8 96 3
5 51 7
69 0 6
93 70 7
97 95 5
75 82 10
2 80 10
81 6 4
93 28 10
77 73 9
82 19 4
94 41 10
76 33 4
66 23 2
36 8 2
78 86 9
62 90 7
78 70 1
90 51 6
90 92 7
20 56 6
61 91 3
97 49 10
74 54 8
32 17 2
54 95 8
81 94 9
72 0 7
41 27 10
73 58 9
77 62 8
41 62 4
54 46 8
61 86 9
33 68 1
96 55 2
60 66 6
25 48 9
68 27 4
21 96 1
77 54 9
13 4 8
37 54 7
39 46 2
36 75 5
60 59 3
28 97 10
3 49 3
68 61 2
73 43 7
85 8 4
89 33 2
89 74 3
33 21 10
37 46 8
81 75 9
89 77 8
36 26 5
25 78 9
80 79 10
12 93 9
35 27 1
37 39 5
72 60 7
39 34 5
36 60 3
60 89 3
52 18 9
73 31 10
24 92 4
16 21 10
40 5 8
40 46 9
57 76 9
72 53 4
7 20 7
51 90 9
89 62 6
52 11 6
84 67 7
7 96 2
84 9 2
60 84 9
97 94 8
15 77 2
0 59 6
7 99 7
27 99 8
27 16 10
61 97 9
26 59 3
16 90 2
80 57 5
43 47 6
28 29 10
3 22 4
12 74 9
95 70 3
10 20 8
24 80 7
89 92 6
68 88 10
6 71 5
56 24 7
67 9 2
35 4 3
40 27 9
27 46 10
44 97 9
75 62 3
26 47 6
23 32 3
26 5 9
43 35 9
2 56 5
19 44 8
6 18 7
11 56 5
35 84 9
87 56 4
91 18 6
95 46 9
74 22 4
98 51 4
10 31 8
34 42 4
99 13 2
26 62 4
79 42 8
75 73 3
70 65 9
87 95 9
91 6 9
58 21 8
74 94 1
70 7 4
94 77 5
86 33 9
78 36 1
21 26 1
14 86 6
78 39 6
5 37 6
38 14 4
45 54 5
67 66 10
90 86 5
95 27 9
9 99 3
99 52 7
9 57 6
94 69 6
78 73 4
83 55 9
58 48 3
82 98 2
90 79 2
42 76 5
77 11 4
38 9 10
57 52 4
37 52 3
61 36 1
98 66 2
46 38 7
98 24 5
21 14 4
8 29 4
29 84 2
29 45 10
65 77 3
86 39 2
78 61 7
41 51 8
38 36 5
45 76 6
75 49 9
81 66 2
42 64 8
48 81 1
9 79 7
28 39 3
76 0 3
12 84 2
60 45 2
77 75 2
45 27 6
97 58 6
82 40 10
37 33 3
52 9 2
16 70 8
8 93 2
45 20 3
97 51 3
65 23 9
40 82 4
61 96 1
29 68 7
9 23 4
33 93 5
44 65 5
89 15 3
48 69 4
45 99 3
76 30 3
4 2 7
28 27 6
52 97 7
72 14 10
44 58 2
51 77 4
31 77 3
36 59 8
52 39 2
4 36 5
80 92 4
97 81 3
17 92 9
25 8 5
47 24 5
37 14 3
89 0 1
76 60 3
27 2 9
92 48 2
43 75 2
48 57 7
96 52 1
76 18 6
52 85 10
0 38 2
51 62 2
12 60 8
31 65 6
76 11 3
3 62 10
68 33 8
85 63 8
35 48 7
84 41 9
15 68 8
47 54 5
64 42 8
31 16 6
61 30 10
35 85 10
47 88 3
14 62 1
64 35 5
44 35 4
88 46 1
23 72 9
68 63 8
28 38 6
84 30 8
2 93 6
8 16 10
14 13 1
39 40 9
56 91 8
6 55 8
75 37 1
84 64 6
51 4 10
26 63 5
31 4 9
47 77 2
84 22 9
96 28 7
47 76 6
51 38 8
67 71 9
92 17 5
63 61 3
43 2 8
14 1 4
62 82 1
87 47 10
11 75 9
18 70 8
59 70 3
10 52 1
46 44 2
92 13 7
47 65 5
2 32 9
2 16 1
35 93 5
26 44 5
11 26 9
35 96 10
34 33 10
14 73 1
99 4 8
66 19 7
83 49 7
46 39 8
26 53 10
1 91 6
83 7 10
38 0 3
50 22 9
11 60 7
79 55 2
82 8 6
34 67 8
90 82 5
2 62 9
50 98 4
63 0 6
62 63 1
67 45 6
1 83 7
5 67 4
1 0 9
54 84 10
71 73 9
30 16 5
59 9 6
53 23 6
70 74 5
78 10 3
69 95 3
59 85 1
86 84 2
18 47 10
93 82 6
33 57 3
81 18 3
57 85 7
98 6 6
45 21 4
97 7 2
29 66 3
46 96 3
93 33 6
98 82 1
2 84 10
66 37 10
97 86 2
42 2 3
82 26 9
63 18 9
45 51 4
94 83 9
42 36 1
37 73 9
97 37 2
82 95 1
33 82 9
57 66 7
77 66 8
24 81 6
25 43 4
37 24 9
49 27 2
24 39 9
8 84 8
9 5 5
16 45 6
60 29 5
20 49 5
48 51 5
52 35 2
80 37 2
69 64 6
49 64 5
66 94 5
12 54 6
81 29 3
3 53 3
61 70 3
72 69 1
49 15 5
16 75 6
51 10 5
0 75 3
16 33 9
60 17 8
77 88 9
0 78 8
7 32 6
72 23 6
25 24 4
82 37 9
9 69 3
41 91 10
76 51 9
3 83 3
76 92 10
33 56 6
96 43 7
68 98 7
97 64 10
80 18 2
85 0 7
7 69 9
47 33 1
64 63 1
88 7 7
76 85 7
56 85 6
39 75 8
97 6 5
68 91 4
91 12 2
68 49 7
88 41 5
68 7 10
16 53 1
24 91 10
19 26 7
36 56 7
16 97 7
40 39 8
47 79 9
2 72 2
48 20 8
15 35 7
59 77 4
51 25 3
15 86 9
55 50 1
96 24 7
44 9 6
10 62 7
68 79 7
2 68 4
44 85 1
3 98 1
76 24 10
92 16 10
3 18 8
68 30 7
27 43 7
22 19 5
2 60 5
19 90 5
31 96 3
67 46 7
23 35 10
2 53 2
88 18 7
90 31 1
26 81 6
99 41 9
43 69 9
35 72 1
6 59 10
5 61 2
22 91 2
71 64 2
18 4 5
38 79 1
35 75 6
88 52 5
75 92 5
71 25 10
18 38 3
35 68 3
71 15 2
87 14 9
58 75 4
75 43 5
30 2 4
11 93 10
26 28 8
67 24 2
43 99 9
74 64 3
59 46 7
66 86 8
38 67 4
98 50 10
78 50 9
62 54 7
1 58 5
42 12 9
46 57 9
54 18 7
95 73 6
22 71 6
38 63 6
75 31 8
1 51 2
42 46 7
91 82 6
71 82 5
41 26 4
53 48 10
54 10 8
93 15 7
62 42 10
82 47 2
29 57 9
77 18 9
65 88 6
93 49 5
1 97 10
32 62 4
70 34 1
13 44 3
37 94 2
72 29 1
77 52 7
74 82 6
59 64 10
17 27 4
9 49 9
73 0 4
49 67 8
24 60 2
54 33 5
69 9 4
49 9 3
32 92 4
36 24 3
32 50 7
17 99 1
50 42 5
4 11 1
69 2 1
8 59 6
85 52 10
8 17 9
27 19 2
0 23 6
41 78 5
73 64 2
17 11 9
36 13 2
48 35 8
53 84 3
27 98 2
80 62 6
45 23 10
37 67 3
70 10 7
37 25 6
17 4 6
61 53 10
85 82 10
16 5 2
60 33 7
77 21 10
64 61 10
56 64 2
51 35 9
31 35 8
72 90 7
76 67 8
73 10 8
55 2 2
24 29 5
28 57 8
25 87 7
15 31 7
80 43 6
97 73 6
27 78 6
7 36 8
43 68 1
89 37 6
6 58 2
28 50 5
61 34 10
92 44 6
23 26 3
39 93 9
55 32 2
72 62 2
3 4 7
22 47 1
64 84 7
31 99 6
47 12 10
4 17 7
3 80 2
8 62 7
0 68 4
31 92 3
35 24 2
60 51 10
75 41 1
7 66 8
11 50 5
44 34 10
89 25 9
79 3 3
67 76 5
47 42 10
64 72 10
27 17 9
7 17 8
68 97 8
31 87 9
23 90 1
55 29 10
7 93 3
14 92 3
23 6 7
30 5 7
27 10 6
14 50 6
44 64 10
30 81 2
84 60 10
91 55 9
26 14 7
99 57 8
5 77 1
10 18 5
6 85 10
83 19 9
7 47 8
31 72 7
1 61 8
2 23 6
26 48 5
23 78 4
22 74 9
46 85 5
90 10 10
44 94 10
75 59 4
1 53 9
91 85 9
92 6 6
99 46 7
79 21 6
92 5 10
38 58 10
13 51 4
75 52 1
50 64 8
67 94 8
10 40 6
67 87 5
83 41 10
65 33 4
26 71 2
45 33 3
82 46 7
94 90 1
86 91 7
66 46 4
98 11 2
34 2 2
41 42 3
65 26 1
14 61 6
14 19 9
87 62 10
42 55 3
74 20 1
69 12 7
42 13 6
59 43 6
81 60 2
87 4 5
45 63 3
17 18 10
94 37 3
78 82 2
13 69 7
63 22 9
37 77 9
97 0 1
69 42 7
49 83 7
9 17 4
49 0 9
93 9 1
8 38 2
1 98 7
82 61 5
32 66 6
17 48 10
36 91 4
16 91 3
45 9 9
89 59 9
94 25 6
60 78 7
20 53 5
89 1 4
17 83 4
72 84 5
13 16 9
29 89 2
52 42 7
29 47 5
64 3 3
86 60 10
28 48 1
45 78 1
68 31 6
28 6 4
45 36 4
72 35 5
12 10 2
0 48 10
85 19 9
9 81 2
44 40 5
97 60 1
48 2 7
49 98 5
12 47 5
60 8 5
36 72 4
89 40 9
29 35 8
28 78 1
88 95 1
72 65 5
73 27 3
13 38 10
32 81 4
39 38 7
69 11 10
61 55 3
73 36 8
97 13 10
55 69 3
52 99 2
15 89 3
20 13 3
27 53 4
44 63 2
12 35 8
16 60 6
84 55 1
20 22 8
22 80 4
55 23 8
35 23 7
25 54 6
52 94 8
45 12 10
68 84 3
92 69 10
72 87 6
8 37 5
72 45 9
80 6 7
39 19 7
12 20 6
84 85 1
36 48 10
23 88 10
64 9 9
71 83 4
96 8 1
30 67 1
91 0 7
31 59 2
91 76 2
7 84 9
96 0 2
15 20 7
14 25 4
14 66 5
51 55 5
64 39 9
11 54 7
55 38 6
86 48 2
18 11 10
34 54 5
99 25 3
31 5 8
11 5 7
22 49 7
83 28 5
19 37 9
91 57 2
79 95 10
23 20 10
34 5 5
11 42 10
59 37 4
47 32 6
1 21 4
6 3 9
18 72 3
82 25 3
87 48 9
42 0 1
83 16 8
63 16 7
29 69 8
38 60 3
5 0 7
13 72 10
78 43 8
58 63 9
99 5 7
63 50 5
14 77 5
77 64 6
59 76 9
70 48 9
45 0 2
46 91 9
54 52 7
41 67 7
21 67 6
30 25 3
53 73 5
38 55 9
1 85 2
83 46 8
63 1 5
57 15 5
50 96 1
33 24 4
54 79 2
73 7 9
70 37 8
1 39 7
24 26 6
21 97 6
62 18 5
93 42 4
13 53 10
82 1 9
21 55 9
93 86 10
90 30 6
70 71 6
40 15 5
57 86 6
1 73 5
62 27 10
74 75 5
85 6 4
89 34 7
53 13 4
82 86 9
28 30 2
77 41 8
57 82 8
66 73 3
13 83 10
24 14 9
41 44 9
33 47 1
61 65 9
66 31 6
25 27 9
25 68 10
70 18 8
4 90 3
72 51 4
56 34 4
9 14 3
13 59 3
8 51 9
68 40 2
33 0 10
94 80 10
93 60 7
40 75 5
93 18 10
80 58 10
97 43 8
70 89 9
77 63 9
0 8 6
68 86 10
21 66 9
25 91 7
8 81 9
55 44 1
96 59 8
7 41 4
24 71 4
72 32 4
52 73 4
92 90 3
79 64 2
3 92 1
40 60 3
43 33 9
35 36 1
96 10 8
7 78 7
88 16 5
4 66 9
84 83 10
76 52 8
73 82 7
3 1 4
56 10 10
73 40 10
7 29 7
28 84 5
39 35 6
19 35 5
76 48 10
18 36 1
79 10 8
71 58 2
3 38 7
7 22 4
27 25 10
31 50 8
59 86 2
76 82 8
43 56 6
11 8 10
80 24 8
23 14 8
99 11 2
58 24 2
11 84 5
4 47 9
6 80 5
55 96 2
96 70 8
3 68 7
98 0 4
71 1 3
88 31 3
95 71 4
51 80 9
14 91 9
87 93 9
90 6 1
39 16 6
6 31 5
59 74 5
86 73 6
1 7 3
71 80 3
92 93 4
79 67 3
34 79 9
67 6 5
30 76 10
26 83 1
26 41 4
62 33 5
11 68 10
10 86 3
58 84 2
30 27 10
1 88 5
98 67 7
82 92 4
92 81 7
99 80 7
94 56 5
23 66 9
13 89 5
42 18 2
22 4 9
29 78 4
87 9 1
87 50 2
29 36 7
98 55 10
77 32 1
70 16 4
87 46 4
26 66 10
98 45 2
21 76 2
30 8 10
58 23 5
75 74 4
33 15 10
38 64 5
69 88 4
1 27 8
42 89 3
70 9 1
62 51 8
62 92 9
77 27 7
94 78 6
61 52 4
38 57 2
58 15 6
38 15 5
62 85 6
70 1 2
29 59 4
74 91 4
42 43 8
24 35 2
4 35 1
65 93 6
45 48 3
61 6 9
90 39 2
25 6 5
25 9 10
0 2 4
49 34 9
24 27 3
66 64 9
9 54 9
86 64 10
48 14 6
73 46 5
78 28 10
77 5 2
72 42 10
13 50 9
89 28 1
13 84 7
20 83 7
20 41 10
85 12 8
28 2 8
44 75 1
15 17 8
69 57 7
12 88 8
12 5 10
9 76 10
48 36 7
25 66 5
80 67 6
65 24 10
64 26 2
15 13 10
7 16 2
49 94 9
31 41 1
48 71 1
40 0 7
64 70 8
44 70 7
68 95 6
89 16 4
44 28 10
3 41 10
56 31 3
61 58 10
85 42 8
12 32 5
64 21 8
27 11 9
7 11 8
51 81 10
80 94 1
43 1 4
0 63 10
10 16 3
23 0 7
64 14 5
88 25 1
24 75 6
56 61 3
68 83 9
31 32 9
83 52 1
35 15 10
63 10 3
27 38 4
2 14 1
92 87 2
84 43 6
48 54 10
10 1 1
68 18 1
22 68 9
32 99 9
83 89 4
26 93 7
16 82 9
92 38 2
14 32 9
11 17 6
84 39 8
39 90 10
79 91 1
18 91 5
5 65 4
80 70 7
50 51 5
1 74 4
11 88 7
18 87 7
95 41 8
26 23 5
86 40 5
15 50 9
95 92 10
1 67 1
87 53 5
67 73 6
26 16 2
14 54 10
23 87 2
94 35 1
2 41 9
1 63 3
95 68 3
91 94 7
71 94 6
63 55 1
5 90 10
26 11 8
70 95 2
86 28 8
46 3 6
67 20 8
86 63 2
94 65 1
62 37 7
86 21 5
86 62 6
83 9 7
10 7 7
86 55 3
66 55 2
73 95 3
93 95 4
99 84 9
13 49 1
30 66 6
9 3 5
70 83 5
30 24 9
21 9 3
70 41 8
82 89 3
69 63 2
41 60 6
86 92 6
46 26 3
99 35 9
38 89 9
86 9 8
0 81 2
50 54 6
57 94 7
32 87 1
82 81 4
18 90 8
5 64 7
5 22 10
45 64 2
77 45 8
37 86 7
4 60 5
52 21 5
93 76 4
73 76 3
29 26 3
21 48 8
33 51 1
68 52 1
66 80 8
33 54 6
57 79 5
0 69 5
4 94 3
49 85 2
17 57 8
81 91 1
29 63 6
16 17 3
36 17 4
49 1 8
61 7 6
24 90 6
54 63 9
17 8 8
4 89 9
33 81 1
68 82 1
29 14 6
81 0 4
85 70 4
16 12 9
13 17 8
20 57 9
80 46 2
24 41 6
45 3 5
64 91 1
69 73 6
36 88 5
21 70 9
37 9 2
72 78 1
16 81 1
72 39 9
27 32 2
36 84 7
16 39 4
3 13 3
68 70 4
0 84 3
48 4 2
53 72 10
0 87 8
52 32 5
19 47 4
16 32 1
4 70 9
6 62 4
39 5 8
36 35 7
11 94 2
0 80 5
52 66 3
44 88 8
56 94 6
16 27 7
60 56 8
71 62 2
15 49 1
3 87 9
7 71 6
2 47 4
43 60 6
6 9 6
40 90 5
56 3 9
95 83 3
47 72 1
52 54 6
15 44 7
19 69 5
16 99 4
51 34 3
15 95 9
56 82 9
67 22 2
1 19 2
91 92 3
19 62 2
26 60 6
56 74 10
91 43 3
71 43 2
87 1 8
75 71 5
71 4 10
95 29 9
95 13 1
91 80 6
92 1 3
58 12 7
42 37 4
19 8 8
50 18 4
74 43 3
5 70 2
18 54 6
7 81 10
62 74 8
78 13 1
6 19 10
59 62 10
71 24 2
42 16 2
46 20 1
22 50 6
77 2 3
82 50 9
59 96 8
34 48 1
66 95 8
18 39 4
18 42 9
2 4 10
26 29 9
30 99 9
17 14 3
34 44 3
61 64 3
46 66 9
94 48 8
50 91 7
98 52 7
78 52 6
21 42 6
45 67 5
70 99 4
2 38 8
90 16 7
53 6 8
41 76 5
73 21 1
93 24 7
57 24 3
17 2 6
45 97 5
66 18 3
42 82 2
90 43 2
85 80 10
65 55 9
20 48 2
42 85 7
73 16 7
25 13 10
85 22 5
90 4 10
82 7 2
8 80 3
81 89 10
48 63 8
77 96 1
12 63 4
29 93 4
40 24 3
64 94 4
42 77 8
70 38 7
57 12 6
61 82 6
21 50 1
24 23 7
43 66 1
41 11 10
25 36 7
8 26 9
97 67 8
65 20 1
20 32 7
69 3 2
64 40 10
76 2 2
76 46 8
60 5 4
32 47 10
97 18 8
4 91 2
94 89 8
37 34 6
8 95 1
49 82 1
61 63 6
43 96 1
56 39 4
81 21 10
23 54 3
96 34 8
7 15 8
52 57 9
25 58 8
27 50 3
44 60 1
92 99 1
92 57 4
92 15 7
36 2 6
23 42 6
91 37 1
47 67 5
96 19 6
27 87 6
51 71 4
12 69 10
4 72 2
64 55 8
27 4 8
0 5 7
39 7 1
35 6 7
76 61 6
96 98 6
35 98 10
80 48 8
92 11 9
44 48 4
6 34 10
68 76 8
26 84 4
31 66 9
3 89 2
91 67 1
59 19 5
63 44 3
43 30 10
91 25 4
64 85 8
92 80 1
14 29 6
76 91 6
95 53 7
59 12 2
28 88 9
10 80 3
15 62 8
79 56 9
10 38 6
27 68 6
31 93 4
62 61 3
11 51 6
26 27 5
23 16 3
35 79 10
83 74 4
46 23 4
30 14 7
75 80 1
44 73 10
42 53 3
59 83 3
91 64 9
74 18 1
59 0 5
71 89 1
63 25 3
98 46 5
83 69 10
26 99 2
95 34 7
82 29 5
30 41 2
5 53 9
46 8 2
10 19 6
46 11 7
50 36 5
34 39 7
26 8 5
92 56 7
30 78 5
54 89 1
45 46 1
50 73 8
95 19 5
82 59 5
14 39 10
37 10 1
98 27 5
13 56 6
83 50 10
70 90 10
95 15 7
65 0 7
82 96 8
69 70 7
18 60 10
75 14 10
18 44 2
38 97 10
61 31 2
98 61 3
46 33 8
65 35 1
85 59 6
41 9 6
97 65 4
17 35 9
42 22 6
21 18 10
81 27 5
78 98 5
85 93 4
98 15 8
34 99 7
29 75 5
98 91 3
29 33 8
53 17 6
93 67 1
61 19 5
20 77 7
0 32 4
41 90 8
42 52 6
64 27 5
40 91 4
78 83 3
39 29 4
89 68 9
57 21 2
49 43 7
76 83 9
53 88 7
3 32 5
68 3 3
78 37 8
0 20 7
17 50 7
97 39 1
28 22 7
40 70 2
45 52 7
89 19 9
42 40 9
61 42 2
61 83 3
93 64 9
61 0 5
41 20 6
65 45 5
57 67 10
32 19 3
85 28 9
72 43 9
12 18 6
16 88 6
64 8 5
4 24 3
21 54 3
8 28 2
0 50 7
72 81 8
25 37 4
15 26 6
37 18 9
39 96 7
76 64 9
24 17 1
48 87 2
64 0 6
20 84 6
31 15 5
9 2 10
48 45 5
55 85 6
40 67 10
88 62 4
27 41 9
47 91 3
25 33 6
19 88 7
8 74 10
6 4 1
37 89 10
89 79 9
76 94 9
67 34 1
16 69 6
36 27 10
23 67 10
83 68 2
26 72 5
89 71 10
52 20 10
14 8 2
31 38 2
67 30 3
92 78 10
15 83 1
84 59 7
68 9 9
72 54 9
63 19 1
84 94 1
87 5 8
99 53 3
86 27 2
71 50 7
39 65 10
3 65 6
10 6 1
22 28 7
47 18 9
35 47 5
86 98 3
22 62 5
22 65 10
1 42 1
87 28 5
91 73 5
66 65 10
26 32 3
86 49 3
54 1 7
34 21 8
38 46 6
63 78 5
50 52 4
67 82 4
74 36 2
42 74 9
98 13 4
86 83 1
98 64 6
34 55 6
88 98 10
94 2 2
58 42 9
90 28 6
63 29 5
75 10 10
87 58 5
41 46 7
75 86 5
86 37 6
46 12 4
77 81 5
98 43 4
50 40 7
78 1 6
74 27 10
5 50 8
38 27 6
98 36 1
62 97 7
13 23 5
54 58 2
65 9 3
62 39 2
1 18 7
89 17 5
73 62 4
21 34 9
20 14 6
21 69 3
57 27 10
42 31 2
93 58 7
20 90 1
20 7 3
25 55 9
77 61 9
57 61 8
32 13 1
17 36 6
54 49 10
66 52 3
53 26 2
85 15 4
94 22 7
21 99 3
64 52 9
93 85 2
21 98 7
69 18 6
76 58 7
45 85 10
0 36 6
48 90 5
49 11 2
13 92 10
89 35 8
60 96 3
21 94 9
65 78 8
51 2 1
94 1 5
33 14 4
90 68 10
52 15 1
77 42 9
64 82 9
37 83 8
44 82 8
21 87 6
76 43 5
60 47 3
15 59 9
27 62 2
53 51 8
84 16 2
72 11 4
27 23 10
44 74 9
4 8 6
11 48 7
24 94 10
60 81 1
93 69 7
36 14 5
16 14 4
45 66 10
20 59 4
52 45 1
44 67 6
27 57 8
60 35 6
40 35 5
35 52 4
52 82 4
76 66 2
19 56 2
7 94 10
24 38 7
79 31 5
59 31 4
80 52 8
95 62 1
52 33 4
75 20 3
19 7 2
89 46 8
11 70 8
3 52 1
3 93 2
96 12 5
10 50 5
83 93 6
39 86 3
7 38 7
39 44 6
11 66 10
23 69 3
59 61 4
83 86 3
55 75 2
96 49 8
22 7 3
95 50 4
47 90 4
46 27 4
99 36 10
43 23 9
79 15 10
88 89 3
88 6 5
22 44 6
75 87 6
92 72 4
92 75 9
18 33 4
23 15 9
5 7 3
34 0 4
47 85 10
7 60 8
14 59 8
95 38 7
79 83 6
87 44 4
46 98 5
79 0 8
79 41 9
91 48 3
71 47 6
7 56 10
71 98 8
34 88 9
43 45 10
99 1 2
46 52 10
13 26 8
99 93 5
46 87 4
1 46 3
61 43 1
59 71 8
71 74 1
79 30 8
86 70 9
30 36 10
63 13 8
99 86 2
62 76 3
5 32 9
99 89 7
26 87 7
63 89 3
82 17 10
99 47 10
74 40 4
30 29 7
54 40 3
58 44 2
65 84 3
75 53 4
50 24 10
22 13 9
87 59 2
34 69 9
13 90 6
63 84 9
18 2 7
58 39 8
25 34 5
90 25 5
57 40 4
69 21 9
49 62 9
89 26 1
21 85 2
61 68 7
20 81 7
40 3 1
64 73 2
81 61 5
49 13 9
82 74 5
93 25 6
17 20 9
53 93 3
72 21 10
81 95 3
90 13 8
24 44 2
94 38 6
46 97 8
61 12 4
13 71 6
25 57 2
25 15 5
52 55 7
27 48 1
70 47 5
37 21 3
20 11 5
69 43 10
93 52 1
80 50 4
82 62 8
45 11 8
57 55 2
20 4 2
77 17 7
9 97 7
16 51 5
44 12 4
57 58 7
94 68 6
89 44 4
15 72 3
23 33 1
60 21 5
82 58 10
25 3 8
80 4 9
28 91 1
31 23 6
28 94 6
96 89 1
16 30 3
60 14 2
32 56 8
12 56 7
68 67 3
12 14 10
61 71 8
56 6 5
20 1 10
12 90 5
40 51 4
4 54 5
92 32 4
51 11 10
31 11 9
40 44 1
55 36 8
10 29 1
60 2 5
51 46 4
51 45 8
48 75 7
27 96 4
47 34 6
6 92 8
43 44 2
11 37 7
84 18 8
2 81 6
23 2 4
83 60 5
14 87 4
26 51 5
91 50 10
83 98 4
39 62 7
30 34 6
1 95 1
84 86 4
31 26 7
84 89 9
26 2 5
15 29 9
62 70 1
1 49 6
87 35 10
18 17 7
42 28 3
86 12 2
77 97 2
38 95 8
79 16 7
83 0 4
86 15 7
26 90 10
18 93 2
78 17 3
75 47 2
42 62 1
34 63 7
99 34 5
46 24 3
43 20 8
83 37 7
47 3 9
54 77 4
26 25 2
30 91 1
22 92 7
99 26 6
18 5 10
30 94 6
86 0 5
53 15 4
75 93 10
77 85 5
62 67 9
83 29 8
95 77 3
87 99 8
18 81 5
42 92 1
26 17 3
21 88 5
74 31 10
54 31 9
59 80 4
63 64 1
73 74 3
99 63 9
90 62 6
53 11 6
83 25 10
53 10 10
99 98 3
1 22 7
97 3 1
5 92 7
18 35 10
86 71 6
33 45 3
50 75 3
13 20 2
17 90 2
34 78 5
99 90 4
69 79 5
32 24 4
5 43 7
29 54 3
33 79 1
30 75 6
53 82 7
60 36 5
50 67 4
90 50 9
97 90 10
87 80 8
77 24 8
69 72 2
42 73 1
89 93 2
97 74 2
69 30 5
69 71 6
49 71 5
73 55 3
29 5 3
82 14 9
58 57 9
73 99 9
70 43 5
94 20 7
97 83 7
94 71 9
52 34 3
0 6 8
49 22 5
94 13 4
86 10 9
85 98 4
33 25 7
25 73 1
20 44 8
37 95 7
8 72 8
24 11 1
84 28 1
3 7 5
70 72 9
80 25 2
19 38 1
8 65 5
41 8 9
16 67 4
81 58 4
8 68 10
0 71 2
11 2 1
20 71 3
16 25 7
21 33 1
40 54 7
60 95 9
32 77 1
73 80 9
32 35 4
24 57 9
41 87 9
36 63 7
23 58 5
61 9 3
3 78 6
85 79 4
48 24 3
72 94 4
85 37 7
6 83 1
48 78 10
3 71 3
68 42 1
3 29 6
68 0 4
55 60 6
84 53 7
20 17 9
7 57 9
35 18 8
64 51 1
32 23 7
39 22 7
16 48 4
92 23 10
31 24 3
11 24 2
84 46 4
39 98 2
35 11 5
2 26 4
19 97 5
31 78 10
23 81 2
43 81 3
52 40 9
49 70 8
55 87 1
51 20 6
7 87 9
96 3 2
19 48 5
47 9 4
6 22 4
51 13 3
14 24 3
16 36 7
27 80 7
11 12 5
10 8 10
19 41 2
63 35 2
79 61 7
19 2 10
71 22 2
7 72 7
1 86 7
75 50 5
2 48 5
19 78 5
88 13 10
50 1 2
59 53 7
84 19 5
47 48 9
22 41 3
63 81 10
38 33 3
75 84 3
15 4 7
54 22 2
79 49 10
87 51 9
90 98 1
22 37 5
67 61 2
18 67 4
71 3 2
47 78 9
74 59 6
79 76 5
14 35 3
92 60 9
26 92 3
86 16 4
81 85 1
57 18 5
54 3 2
6 28 10
38 48 1
45 88 2
1 4 8
58 51 7
93 7 5
53 27 5
29 91 4
94 62 2
98 68 10
34 18 9
53 20 2
65 83 9
29 87 6
57 89 6
42 71 10
90 32 10
70 32 9
90 67 4
63 68 3
33 12 2
75 90 9
74 70 6
54 70 5
90 59 5
57 33 3
82 65 2
5 89 6
21 36 4
98 49 10
53 1 2
53 42 3
77 26 1
65 64 9
4 85 4
29 67 10
76 71 3
21 73 7
96 67 2
68 10 10
97 46 8
97 87 9
89 90 1
44 61 6
89 7 3
41 66 5
45 91 3
73 52 2
41 24 8
76 25 8
56 25 7
8 39 7
15 38 7
97 80 6
53 30 6
73 13 10
32 26 10
49 77 9
89 41 1
48 99 3
8 32 4
4 31 10
73 6 7
64 49 10
39 1 3
15 65 2
44 49 9
56 52 2
6 16 2
27 29 3
4 59 1
40 58 9
37 43 6
44 83 7
36 23 3
16 23 2
43 63 4
84 37 10
76 6 8
23 21 6
4 51 2
88 4 3
84 71 8
16 15 3
68 46 3
80 68 9
14 99 3
19 81 8
47 0 10
64 30 10
56 33 2
39 23 4
4 5 7
11 45 8
11 86 9
7 10 2
7 51 3
12 78 10
35 12 2
0 14 7
23 44 3
10 59 3
64 60 10
75 25 3
68 85 8
79 70 3
6 68 3
23 36 4
80 49 9
47 23 7
67 98 3
83 56 9
95 59 2
19 87 1
92 47 4
67 18 10
46 36 2
43 32 7
47 57 5
14 72 4
83 48 10
26 78 2
99 38 5
59 13 3
10 81 4
14 65 1
59 16 8
78 59 2
75 89 1
95 6 4
38 37 5
91 15 4
86 7 10
66 7 9
66 83 4
59 1 6
66 41 7
63 71 6
50 86 6
13 35 6
17 60 4
95 35 8
86 79 7
9 24 4
38 76 10
61 10 2
81 55 5
50 82 8
13 27 7
45 58 6
97 44 4
29 17 2
17 55 10
9 58 2
65 16 10
71 95 9
81 48 2
86 30 7
46 5 5
20 60 5
85 31 3
58 11 3
53 3 9
33 3 8
17 6 10
66 22 7
41 15 1
48 55 2
73 4 3
66 98 2
82 56 8
25 1 6
62 31 7
9 46 5
61 77 5
78 62 3
85 61 3
65 36 2
50 63 8
97 25 4
29 39 3
36 79 4
16 79 3
57 0 2
81 70 3
86 52 8
89 47 9
24 15 1
48 44 1
66 10 10
57 95 10
24 69 8
28 1 7
72 30 8
89 81 7
57 88 7
68 19 6
70 31 10
72 64 6
52 64 5
32 84 6
12 39 3
17 66 10
57 30 2
51 44 2
48 32 4
48 73 5
88 90 4
13 75 10
49 45 4
61 92 3
29 23 8
28 66 1
84 58 3
40 88 7
88 83 1
0 66 10
6 41 6
48 17 2
56 19 1
81 46 9
24 84 6
11 82 9
52 3 8
20 93 6
0 93 5
35 94 5
52 79 3
15 28 3
80 40 2
88 71 4
23 30 2
72 82 9
10 4 1
88 29 7
80 1 10
18 57 2
23 39 7
68 71 7
52 75 5
22 60 5
72 33 9
27 26 2
92 91 8
16 78 6
23 76 10
15 58 3
99 32 3
96 37 2
95 99 8
23 18 5
22 14 10
14 17 2
67 39 3
51 5 6
88 93 5
6 52 6
59 95 6
67 31 4
3 81 9
51 1 8
71 59 7
96 25 5
6 86 4
90 19 3
14 47 2
87 90 3
18 75 5
23 57 10
84 15 9
1 23 10
95 80 8
58 70 9
42 95 6
92 68 10
94 81 4
95 22 3
58 60 1
67 19 7
1 16 7
2 71 4
30 32 3
59 25 4
66 20 3
90 49 3
88 77 10
50 65 2
63 8 5
87 78 6
58 97 4
79 18 2
22 25 10
42 83 9
83 4 8
99 77 1
58 90 1
34 64 6
41 63 6
67 7 10
63 80 2
2 59 7
20 39 1
70 78 6
13 2 5
75 44 3
57 10 8
75 95 5
93 0 4
46 21 4
85 47 2
70 29 6
33 19 7
94 99 7
82 35 4
99 65 4
57 6 10
66 39 2
93 79 4
21 92 9
33 95 2
94 92 4
62 64 10
54 67 2
82 28 1
70 66 9
72 17 3
21 82 1
94 50 7
37 40 7
54 28 10
93 71 5
5 10 8
34 3 9
53 5 2
53 8 7
20 23 6
24 48 4
94 87 10
41 36 7
16 95 2
33 42 4
62 94 10
70 96 9
4 82 1
77 70 9
0 15 6
89 56 5
61 37 1
73 18 6
7 90 1
20 8 4
89 48 6
56 22 4
29 2 4
57 97 3
16 0 7
33 30 7
88 65 2
27 44 7
51 69 6
31 69 5
81 42 9
3 50 1
20 80 1
3 8 4
93 6 10
97 31 8
4 63 1
52 24 1
57 51 8
15 14 2
32 44 2
49 95 1
24 66 7
41 54 10
40 97 3
40 55 6
3 45 7
68 16 5
52 61 4
57 43 9
3 96 9
31 98 9
96 82 2
76 89 8
80 73 5
40 48 3
96 40 5
71 16 2
44 76 6
7 24 10
24 54 10
31 8 8
23 97 3
15 53 7
67 25 2
23 55 6
40 85 6
96 77 8
7 59 4
84 13 5
40 43 9
88 38 3
2 35 2
79 82 2
43 48 4
79 40 5
68 39 2
27 93 3
55 13 1
84 6 2
75 29 3
26 97 4
11 79 8
3 19 4
30 42 9
63 60 8
38 12 1
88 26 6
22 23 6
92 10 3
7 5 10
95 25 6
43 78 4
43 36 7
59 28 7
5 69 1
22 99 1
46 43 7
3 14 10
10 13 10
58 49 5
7 39 8
14 38 8
14 79 9
87 81 9
92 89 3
75 17 6
79 62 6
78 22 1
95 52 1
10 47 8
66 44 1
71 26 6
