100 101 0 99
5 67 6
28 30 2
21 65 6
29 58 1
45 77 2
80 89 5
17 35 2
8 85 2
14 20 9
32 56 9
1 75 6
2 50 4
82 98 6
0 48 3
23 91 3
43 93 1
64 71 5
93 97 1
11 12 8
0 68 9
34 72 3
30 45 1
49 62 2
8 11 9
2 4 9
6 8 1
9 81 6
41 78 2
13 37 1
6 21 1
76 92 5
48 59 8
57 76 4
12 33 10
12 23 9
27 83 4
5 9 9
9 14 9
5 29 5
27 40 8
42 43 9
43 94 6
8 18 9
11 15 4
5 44 2
20 88 3
66 73 4
39 57 2
11 55 6
12 60 7
13 46 4
4 49 9
6 53 6
43 54 8
85 90 9
6 16 2
25 26 2
37 79 8
0 10 2
40 80 3
11 19 3
21 27 10
66 74 7
14 17 5
13 66 9
43 61 7
39 84 3
19 39 9
0 3 2
5 7 8
35 52 8
97 39 5
20 42 3
1 2 9
7 13 1
13 28 2
18 38 7
8 24 6
12 47 4
43 70 5
49 95 5
6 41 10
31 87 8
24 25 4
52 64 4
29 32 1
0 1 9
2 51 4
11 22 2
29 69 1
0 5 6
21 31 4
41 99 5
12 36 8
27 34 10
34 63 7
7 94 2
31 86 7
2 6 3
63 82 4
73 96 4
