1000 1001 0 999
246 865 2
52 145 2
792 847 8
248 341 3
115 375 10
163 732 2
201 219 8
26 664 3
262 291 4
0 26 5
277 518 3
30 53 1
147 211 6
307 905 5
517 523 3
377 803 7
835 944 5
809 902 4
544 546 5
411 924 7
83 694 7
8 202 2
295 698 8
11 170 4
837 903 1
81 340 1
437 439 4
222 559 2
476 650 4
245 319 1
79 556 6
449 794 1
406 934 3
0 10 1
171 227 6
587 752 3
327 643 5
340 477 3
187 258 2
233 295 9
10 382 2
210 708 8
14 22 9
38 56 7
114 265 1
411 692 7
585 705 6
601 969 8
675 757 1
2 159 5
242 497 10
291 655 2
2 315 5
651 739 10
794 878 10
216 952 8
398 618 9
154 893 1
409 681 7
103 147 4
376 551 6
136 356 6
698 998 2
73 206 1
358 961 6
364 417 6
340 548 4
268 607 10
161 659 10
426 730 7
294 385 3
40 735 1
732 784 7
533 785 2
355 938 8
0 41 2
0 269 9
408 737 8
264 287 5
67 405 2
48 443 1
401 841 2
318 959 5
843 862 5
47 101 3
290 327 4
33 614 2
274 502 7
111 932 3
710 916 8
106 886 1
375 577 2
75 943 8
430 469 1
409 635 8
64 644 8
54 72 9
1 2 1
229 507 1
130 731 10
15 35 9
63 85 4
64 907 9
6 68 8
3 124 10
421 463 8
535 595 1
40 817 2
44 876 2
12 400 7
282 420 1
386 911 9
103 990 5
795 853 4
343 433 10
7 11 1
579 930 4
191 218 4
3 18 1
330 525 1
481 598 4
18 38 1
27 46 5
215 261 6
441 816 7
151 224 6
819 887 7
218 641 9
550 860 4
143 183 6
45 126 8
446 623 1
239 707 7
290 380 1
250 516 9
1 29 4
50 499 5
309 649 1
575 889 7
37 289 7
257 619 1
594 818 6
9 57 2
5 49 3
61 77 2
443 744 7
73 225 4
238 275 6
382 423 7
398 515 4
233 270 8
246 370 4
92 453 9
476 710 3
289 999 1
99 746 10
539 603 8
302 381 5
709 766 2
24 30 5
160 264 5
38 155 7
134 178 4
175 558 4
159 570 6
648 720 3
439 799 10
58 83 10
148 184 1
13 391 6
695 892 5
937 976 9
7 45 3
138 226 9
275 288 5
178 190 1
40 133 7
61 207 9
54 106 1
45 99 4
235 435 1
58 59 3
2 3 7
616 917 1
512 535 7
142 171 10
179 479 2
4 215 8
219 374 9
146 450 4
925 997 2
326 490 5
126 464 2
650 753 8
3 248 8
58 272 3
231 252 7
9 232 7
60 80 1
123 254 10
760 801 9
208 846 10
333 363 5
0 347 8
267 279 9
92 844 1
68 353 5
296 786 10
0 16 6
2 52 2
316 411 3
426 505 4
214 574 4
18 660 1
583 855 8
409 478 9
432 567 8
38 55 9
458 626 2
131 403 8
519 582 6
260 293 4
131 152 8
375 557 5
320 834 10
449 956 2
550 654 1
200 620 6
631 667 2
46 257 4
116 198 5
16 25 10
297 418 5
563 798 3
24 895 1
86 815 8
512 866 3
26 168 2
51 228 7
94 996 9
321 408 10
209 583 9
3 830 4
139 859 8
30 378 9
256 462 7
430 491 9
90 231 5
628 790 3
187 313 10
71 196 5
230 536 4
469 685 2
119 355 8
295 693 3
27 299 4
474 918 6
188 221 8
438 564 8
218 670 2
111 236 10
270 804 7
80 142 5
95 113 7
660 923 2
162 174 6
786 937 7
79 367 9
688 806 7
306 763 6
109 242 7
904 940 1
442 482 5
362 604 8
851 908 2
0 1 8
366 828 1
743 922 7
378 437 1
316 585 2
7 14 10
658 686 1
523 877 8
62 94 4
234 780 8
432 797 6
78 163 8
43 421 10
49 480 3
782 980 8
30 43 10
372 700 5
306 716 6
415 885 7
451 824 2
105 255 4
129 751 6
85 268 4
35 131 5
60 86 6
240 249 7
39 127 9
58 302 2
191 690 9
89 874 2
257 602 4
72 173 7
457 697 7
51 91 1
641 915 1
142 204 1
155 331 1
469 541 6
38 396 4
106 143 7
316 459 10
107 195 4
111 471 2
101 328 8
10 383 2
395 630 4
107 549 7
274 701 6
200 858 7
483 927 4
141 260 2
40 71 3
261 413 5
62 467 6
380 717 5
665 738 8
7 98 4
175 352 10
705 808 1
417 673 5
904 921 9
92 241 10
274 568 7
246 379 10
410 672 3
45 234 10
156 200 9
292 309 3
206 329 4
306 476 10
142 390 1
489 711 10
302 547 4
172 777 2
11 262 7
863 960 3
252 494 7
88 521 6
237 666 1
159 317 3
4 111 7
48 472 2
112 489 5
413 466 8
289 632 2
56 702 8
8 9 6
252 779 5
21 161 3
382 387 10
265 639 1
14 354 6
230 398 1
688 954 8
25 33 6
75 105 6
197 901 2
704 734 4
63 186 3
75 78 7
140 849 5
847 953 7
533 793 10
408 530 2
224 412 8
138 571 5
270 593 10
353 456 6
271 372 1
456 715 3
525 880 1
669 764 7
504 617 1
484 941 5
106 728 4
34 212 9
292 346 10
429 831 6
660 974 10
432 964 1
440 977 3
391 416 8
47 308 5
371 393 5
70 135 7
94 182 6
70 238 1
352 810 9
99 596 4
35 886 9
236 484 10
128 166 7
331 578 6
696 800 10
2 74 1
161 193 4
317 634 7
771 820 9
453 509 9
573 833 1
4 5 7
45 216 6
676 939 4
54 563 8
185 749 2
170 271 3
219 247 5
362 740 1
270 742 2
128 792 5
352 795 1
37 506 9
535 926 2
77 579 4
511 861 7
583 949 4
74 96 3
60 424 9
12 519 8
417 747 10
107 769 4
840 951 4
66 528 10
12 17 8
257 377 10
342 468 6
275 608 6
46 431 2
21 487 10
298 612 4
293 781 7
200 994 10
302 303 10
352 621 6
18 335 9
258 537 1
735 914 7
2 24 4
45 401 10
22 27 1
4 13 6
441 726 5
284 775 6
341 392 2
40 609 4
52 205 9
240 376 9
63 851 1
183 280 6
31 246 3
42 44 5
325 947 4
260 496 6
99 508 7
38 39 3
38 125 6
701 948 5
48 273 6
341 373 6
63 657 1
680 819 5
2 8 10
114 139 8
226 305 2
167 538 5
19 88 1
345 348 3
431 633 8
2 87 1
158 169 4
398 648 7
125 970 9
15 192 10
49 342 4
526 566 6
5 164 3
251 330 7
6 15 10
167 553 8
36 69 1
276 512 10
262 451 5
275 503 2
98 189 5
193 213 4
55 81 7
141 436 9
15 67 5
30 447 10
576 601 2
330 575 10
587 616 10
96 719 2
304 725 10
710 829 7
183 188 3
823 826 10
855 965 2
396 533 6
836 931 3
12 28 8
40 351 5
76 290 8
116 120 1
25 51 3
287 501 10
179 637 4
506 754 6
509 669 9
673 768 6
28 237 10
50 561 6
210 481 9
63 97 9
142 199 9
315 474 10
331 850 4
62 910 7
488 524 10
38 121 8
382 526 9
361 863 5
317 625 10
233 982 2
3 128 1
266 652 9
358 365 6
274 613 7
66 709 7
440 597 7
59 555 2
174 399 4
199 386 4
14 21 10
62 872 7
7 103 7
459 696 1
106 978 6
5 274 3
174 368 7
888 983 4
53 90 4
588 774 1
319 832 9
33 40 2
467 488 3
59 107 9
270 631 3
6 209 9
44 569 2
597 962 6
133 933 5
561 890 3
180 187 5
241 278 5
619 656 1
50 123 4
389 394 2
354 755 8
6 266 9
118 444 4
355 360 6
840 988 1
24 140 5
392 527 3
435 452 3
109 179 9
46 244 7
278 772 6
265 539 6
484 750 3
43 100 10
118 448 1
102 782 5
23 70 5
877 945 8
101 691 7
925 957 1
286 326 3
133 185 3
87 422 7
356 661 6
305 311 3
774 805 3
19 235 5
117 180 1
54 307 3
696 958 4
389 485 8
486 534 3
23 138 4
217 440 4
147 610 9
48 112 6
328 486 10
376 517 1
1 796 3
5 7 4
131 811 8
61 203 5
824 881 9
89 194 5
8 82 5
126 339 5
92 149 4
134 581 5
450 981 8
49 493 5
192 217 1
599 765 5
621 713 7
199 773 4
122 292 6
20 344 10
48 66 2
314 409 5
18 129 5
394 441 4
433 762 10
586 929 3
167 840 9
13 410 8
192 722 2
449 986 1
102 158 1
19 333 5
80 181 9
408 642 1
17 325 9
476 611 9
40 50 7
1 104 9
102 276 2
184 446 2
72 767 9
674 787 7
95 153 3
741 789 9
213 624 4
266 495 2
751 807 8
12 636 6
429 867 1
24 109 8
10 157 6
66 245 10
57 813 6
44 842 6
130 848 3
214 233 6
280 426 8
74 277 3
370 504 6
246 297 3
108 285 8
20 116 7
23 220 10
113 229 8
198 345 7
90 771 7
26 267 2
431 461 2
374 429 2
163 776 9
676 971 2
3 6 2
29 95 9
141 592 3
70 888 2
46 60 10
114 498 10
367 663 2
280 756 4
88 454 6
819 845 7
32 175 7
33 73 2
12 676 10
93 718 6
160 678 6
29 65 4
565 822 5
389 522 2
90 118 5
383 906 6
676 925 7
15 172 6
413 714 1
797 869 3
316 821 2
594 936 4
37 854 10
181 282 2
175 334 1
143 156 9
678 809 9
528 532 3
111 240 1
8 79 7
789 989 9
387 913 6
314 404 2
81 430 7
196 415 5
116 141 8
20 58 6
0 47 5
873 975 1
7 117 7
355 470 2
99 761 10
172 197 6
28 160 3
11 210 9
552 606 10
190 223 4
563 950 9
330 968 1
9 706 4
119 366 6
94 119 4
100 677 6
334 427 5
31 54 9
84 201 1
197 320 5
372 473 2
223 671 9
70 151 5
28 31 1
20 324 8
163 312 8
416 827 4
361 896 4
404 554 7
641 835 2
290 591 5
272 838 5
85 883 5
212 253 7
288 679 2
178 615 2
40 899 9
220 587 9
132 514 10
59 337 10
563 741 10
61 62 1
533 894 3
136 259 5
468 552 2
777 884 8
2 93 9
36 130 7
169 358 9
277 687 9
336 572 1
85 146 4
137 208 2
641 736 1
490 770 6
806 852 2
11 20 10
40 64 3
678 891 5
12 75 3
307 721 9
39 230 1
113 300 8
326 428 4
102 449 9
285 301 1
34 84 2
168 310 5
367 825 4
20 920 6
113 136 3
32 34 8
372 904 5
17 239 2
21 359 9
119 457 8
641 729 6
731 791 7
279 870 6
629 935 7
143 967 6
147 323 7
818 873 2
62 322 4
30 191 9
70 336 5
138 286 10
1 61 9
861 875 8
576 647 6
255 823 6
164 919 9
122 214 8
46 284 5
177 589 3
539 743 1
418 912 6
207 963 1
80 590 4
90 108 7
676 966 2
101 102 1
222 170 5
967 991 6
1 12 9
35 115 8
286 321 8
169 369 9
13 531 8
416 545 7
122 879 7
548 668 2
46 432 6
399 900 3
486 662 10
329 460 2
116 137 5
28 296 2
596 942 7
364 723 8
242 492 3
16 23 5
100 402 7
242 263 3
392 510 5
588 605 5
818 987 10
27 588 5
13 36 7
87 134 4
15 543 6
233 600 4
399 812 2
800 882 2
241 759 5
426 560 6
190 256 4
19 627 8
4 63 6
469 651 1
123 332 10
185 304 9
153 458 8
82 688 6
104 306 7
200 357 10
29 132 1
722 745 3
14 928 1
44 250 6
45 550 7
143 397 6
155 760 5
207 540 5
45 177 8
72 837 2
125 222 2
58 176 8
601 684 7
242 712 1
142 542 2
799 972 1
329 675 7
642 864 9
471 909 1
12 48 8
215 407 1
291 622 7
143 599 5
516 638 9
672 992 7
62 314 8
146 573 7
2 389 2
128 565 1
37 814 2
524 973 3
21 89 3
15 37 4
213 580 7
121 388 3
730 857 2
283 724 1
107 586 7
240 343 6
557 783 8
1 4 4
42 283 6
180 979 5
138 699 3
69 361 8
518 703 5
13 576 6
221 836 10
14 122 8
86 839 9
243 425 8
336 419 5
114 148 2
578 629 2
96 154 9
179 520 7
79 150 7
146 778 2
310 455 1
22 658 1
116 338 3
527 993 10
105 167 4
300 665 2
142 165 10
1 646 1
480 584 5
605 843 5
57 758 8
133 349 7
127 243 4
636 645 4
21 92 3
66 110 7
124 445 4
283 500 4
64 281 3
319 442 7
63 513 4
121 946 6
137 544 7
21 114 9
121 653 9
185 695 6
129 316 10
280 371 6
509 529 6
341 727 8
59 682 2
49 76 9
843 985 5
116 683 5
242 511 1
37 871 5
587 628 5
55 294 1
141 562 7
187 362 2
109 955 10
4 251 6
4 19 10
147 395 3
143 434 8
499 733 3
554 897 9
252 475 9
342 406 6
143 298 4
297 689 8
542 674 9
140 483 7
0 162 10
226 414 10
510 984 1
26 32 5
288 384 10
211 438 9
748 868 3
755 995 9
37 42 6
38 364 7
278 465 6
195 640 10
91 680 10
82 144 3
15 318 3
375 704 4
404 594 4
659 898 1
740 802 5
71 350 9
362 856 2
276 748 10
534 788 4
